bmachine_medium = [12.7075 13.5875 13.7275 13.135 13.1825 13.5452 13.2625 13.625 12.36 13.8325 13.97 13.54 13.7 13.4875 12.535 12.7175 12.205 12.7875 12.785 12.155 12.5875 12.565 13.145 12.7525 14.385 13.3525 13.025 12.6125 13.1275 13.2275 12.6438 12.7275 12.895 13.62 13.5125 13.335 12.6025 12.83 13.5125 12.9325 13.0075 12.9 12.89 13.1125 12.75 12.5225 13.27 13.855 13.0425 13.25 12.9725 13.425 13.1375 12.57 12.4575 12.885 13.7275 13.3225 13.835 12.3275 13.0825 13.035 12.6275 12.93 12.19 12.335 13.7325 12.67 12.785 13.0025 12.2725 12.9325 13.375 12.475 13.105 13.4575 13.3514 12.76 13.41 12.3375 12.6125 12.595 12.9375 12.83 -2 12.21 12.5775 13.515 12.62 13.49 13.2175 14.0525 12.7825 13.61 12.5675 12.7125 14.19 12.2825 12.8 13.64 12.9575 13.8675 12.8375 12.55 13.025 12.8925 12.2 13.135 12.2925 12.625 -1 12.2475 13.1025 12.8525 12.8075 13.1875 13.4775 13.4775 12.38 13.9125 13.2375 13.1 13.325 12.5025 13.0925 13.965 13.56 13.3375 13.25 12.825 13.5975 13.8425 13.1225 13.035 13.2 13.345 12.94 12.9025 13.0075 12.4725 12.8275 13.5725 12.01 12.6325 13.3 12.5825 12.99 13.3475 13.8475 13.2 13.5325 12.91 13.3475 13.095 13.575 12.9825 14.095 12.7075 12.9375 13.7975 13.0775 13.495 13.3475 13.89 -2 13.23 13.9925 12.8725 13.32 13.845 12.575 12.8825 13.045 13.5675 13.335 12.94 12.9875 12.2725 13.155 13.8 12.8175 12.4725 12.8525 12.3975 11.705 12.1475 13.0775 13.445 13.245 13.3175 12.315 13.8 13.4675 12.8024 13.81 12.92 12.94 13.61 13.255 12.8475 13.1925 12.9125 12.8805 12.7575 13.6 13.49 12.8325 13.115 13.1275 13.3125 13.0033 13.695 12.335 14.14 12.1675 13.35 13.3825 13.44 13.3875 12.3975 12.815 -1 13.0125 13.0625 12.3275 12.01 12.2175 12.4725 11.8425 -1 12.9675 13.505 13.355 12.55 -1 12.0675 12.5625 11.7875 12.1925 12.535 13.32 13.0175 14.22 13.7225 -1 13.3625 13.9075 13.2925 13.4525 13.135 13.2563 13.6825 12.5225 13.1025 13.825 12.7425 13.6375 12.55 12.5975 12.3 13.5525 12.185 12.37 12.1375 12.4275 12.0425 12.43 12.2575 -1 13.6925 13.345 13.0475 12.7025 12.64 12.615 13.365 12.54 12.675 13.1325 13.5175 12.5625 13.3125 12.925 13.3725 12.8325 12.52 12.7575 13.0925 11.6625 12.98 13.4375 13.45 13.17 12.805 13.3275 12.705 -2 12.2775 12.795 12.46 12.6925 12.875 12.3375 13 13.355 13.1 12.49 13.03 12.6575 -1 12.49 13.135 13.165 13.215 12.565 13.99 12.495 12.3825 12.4975 11.915 14.0223 13.395 13.2325 14.195 13.69 13.4725 13.25 14.1025 13.2925 13.4425 12.8325 13.11 14.5375 13.305 14.3475 13.2 13.055 12.4225 12.865 13.275 13.6725 14.205 13.27 13.125 13.185 14.165 12.5523 12.895 13.235 12.2125 12.9975 13.195 13.605 12.9575 13.8125 12.59 12.63 13.375 12.545 13.145 13.585 13.0725 13.685 13.1025 13.355 13.3371 13.2425 12.5525 12.9975 -1 13.8975 13.7475 13.2925 13.7075 13.035 12.5375 14.2275 13.255 13.4225 12.7524 14.26 12.7125 13.3375 12.655 12.7225 13.1775 12.5175 13.1875 12.2125 12.1225 13 13.2925 12.4175 12.285 12.7025 11.13 12.555 11.61 12.3425 12.5425];
