bmachine = [8.0175 7.93 8.4525 -2 7.985 7.295 7.96 7.9225 8.33 7.4775 7.42 7.43 8.0475 7.945 8.795 8.0975 7.735 8.385 7.4525 7.975 7.9825 8.3 7.38 8.375 8.06 8.265 7.91 7.5825 8.3125 8.08 7.9475 7.9375 7.7 8.0225 7.8375 7.6025 7.7425 8.4775 7.6675 8.78 8.445 8.2375 7.745 7.69 8.4825 7.59 7.7575 7.815 8.4675 8.2775 8.1225 7.94 8.8825 8.415 7.99 8.3875 7.59 7.84 7.8025 8.065 8.58 8.0025 8.42 8.15 8.4 7.9125 8.21 8.3425 8.0575 7.84 8.475 8.14 8.3475 8.22 8.24 7.895 7.7975 7.74 7.88 8.3 8.35591 7.3225 8.2425 7.975 8.2 7.69 8.255 7.8725 7.91 8.005 7.8975 8.1275 7.89 7.9925 7.585 7.7 7.8725 7.6825 7.675 7.9475 7.4475 8.165 8.0025 7.7875 8.62 7.6575 8.165 7.8 8.095 8.155 7.73 8.15 7.4225 7.6975 7.94 7.77 7.5575 -2 7.885 7.14 8.0825 8.1225 8.5775 8.2 8.0225 7.945 7.8575 8.1675 8.205 7.42 7.7125 7.9775 8.27 7.825 8.31 7.97 8.155 8.02 8.1825 8.32 8.085 7.46 7.85 7.855 8.565 8.1775 8.0625 8.305 8.0525 8.5675 8.1 8.075 8.365 7.8275 8.305 8.045 -2 7.6925 7.775 8.3725 -2 8.4475 8.2 7.8225 8.185 8.1925 7.9625 8.9925 7.6675 7.6625 7.9425 7.77 8.1225 7.8425 8.09 7.88 8.1025 8.3525 7.73 8.255 8.345 8.1225 8.325 8.36 7.9175 8.0425 7.8875 7.87 7.8075 8.2825 8.79 8.63 7.78 8.3375 8.285 7.65 8.3775 8.3775 8.005 8.045 8.515 8.645 7.845 8.495 8.1475 8.0175 8.0225 7.8875 8.105 7.7375 8.03 7.855 7.39 8.125 8.01 8.035 7.935 7.9925 8.15 8.305 8.2575 7.9125 7.8525 8.1525 8.3875 7.97 7.9775 7.925 8.105 7.945 7.9775 8.175 7.7525 8.3975 7.88 8.2275 8.175 7.945 7.9575 8.5075 8.385 7.8725 7.4775 8.4 8.1175 -2 8.1125 7.9325 7.705 8.2025 8.3375 8.055 7.5625 8.425 8.0175 8.005 7.955 7.61 8.1075 8.1825 8.2725 8.215 7.795 8.67 7.845 7.475 8.0875 8.335 7.88 8.4625 8.1525 7.95 8.175 7.845 8.475 8.1225 7.945 8.165 7.93 7.69 7.865 8.0125 8.35 8.1575 7.755 7.995 7.545 8.08 8.08 8.7375 7.8125 7.9925 8.515 8.5825 7.625 7.73 7.9525 8.5775 8.4225 -2 7.8425 7.9825 7.735 8.1775 7.91 8.5575 7.725 8.6725 7.9375 8.555 8.235 8.0075 8.3625 7.9325 8.4675 8.6225 8.155 8.4425 8.225 7.86 8.1025 8.335 8.305 8.4675 7.5925 8.0375 8.035 8.17 7.5975 8.01 8.37 8.86 7.9425 8.1625 8.2625 7.795 8.205 7.765 8.22 8.55 7.915 8.045 8.4725 8.4425 7.75 8.035 7.3975 8.085 7.705 8.315 8.4325 7.8525 8.195 8.515 8.84 8.055 8.0875 7.8775 7.7925 8.15 8.05 7.7975 7.6125 8.445 7.7075 7.8875 8.465 8.21 8.0275 7.4825 7.3725 8.175 8.0125 8.3075 7.755 8.495 8.075 7.965 8.0025 7.8225 8.26 8.2825 8.5675 7.66 8.325 7.2175 8.045 7.6575 7.975 7.78 7.595 8.6 8.0825 7.5075 7.745 7.9925 8.725 7.7 8.1475 7.905 ];
