bmachine = [16.705 -1 17.19 18.965 17.265 16.86 -1 17.525 16.68 17.865 17.105 18.4275 17.18 17.2925 17.6675 17.8225 16.1425 18.2475 16.99 16.96 -1 -1 18.1875 18.37 17.6225 -1 12.815 12.59 12.625 -1 12.9275 12.69 12.3225 12.29 13.0375 13.28 12.08 12.8691 13.0275 13.5525
-1 -1 17.445 16.9024 18.325 17.74 17.065 17.5275 17.795 17.6425 17.6075 18.11 -2 17.2875 18.4425 18.225 18.7975 16.9725 17.605 -1 18.385 17.715 17.05 18.7125 18.5425 17.34 17.7375 18.5525 18.7325 17.95 -1 -1 12.9025 12.445 12.48 12.5575 13.3425 12.74 12.72 12.585
17.6925 16.8925 18.5025 17.355 18.075 -1 17.9125 17.6225 17.205 18.2075 -1 18.68 -1 18.115 17.5925 18.0425 18.3675 17.5025 -2 17.0775 16.675 -1 16.6075 17.64 -1 16.89 12.9575 12.805 12.9775 13.3025 13.3375 13.0725 12.755 12.3625 13.0425 12.8925 13.015 12.895 12.8875 12.985
16.995 17.8275 16.78 19.0175 16.615 17.2725 17.11 -1 17.925 17.425 18.49 18.76 17.06 18.835 15.385 -1 17.785 17.165 -1 16.715 -2 18.2675 18.1425 18.0225 18.4475 17.365 17.625 18.135 17.9125 16.7225 18.7925 17.855 16.9875 17.525 16.8525 17.75 18.3925 18.07 17.8575 18.925
17.1225 17.08 18.0925 17.5725 16.4875 -1 17.12 17.29 -1 18.4975 17.6175 18.1125 -1 17.6025 17.55 17.505 16.9175 17.68 17.88 -1 18.06 17.53 17.1625 16.235 -1 -2 -1 12.9675 13.5575 12.2925 12.9475 12.115 13 12.1075 -2 12.3025 11.6825 12.64 13.0425 12.9975
17.965 18.825 17.6325 -1 18.3525 -2 17.4325 18.635 16.8675 17.1925 17.1975 -2 17.825 15.95 -1 17.6975 17.895 17.665 18.0175 18.955 -1 18.5 16.995 17.7375 -2 17.9925 -1 -1 15.9675 15.98 17.5875 12.7035 12.395 -1 12.555 13.6475 12.35 13.585 12.2375 12.8025
16.83 -2 17.69 17.66 17.5725 -2 18.095 18.2225 19.305 17.215 16.705 18.4025 16.6975 17.6225 17.9825 -1 -1 17.35 17.2475 17.895 17.1925 16.4625 17.5375 17.0875 17.7325 17.65 17.9675 -1 17.18 17.0925 17.4025 17.015 17.3075 17.3225 17.9375 17.2 -1 13.3175 13.445 13.385
-1 18.025 -1 18.575 18.245 17.435 17.29 17.2425 16.705 18.715 18.4375 17.6018 16.985 17.67 16.815 17.36 17.3148 -1 18.905 18.42 17.8925 17.1125 18.3975 -1 -1 12.5625 12.57 12.48 11.3675 13.0125 12.6175 12.66 11.7225 -1 12.8375 12.9525 12.2475 12.3975 13.6625 12.335
17.385 18.03 18.2 -1 17.9819 17.81 16.715 17.7875 16.665 16.7625 -1 -1 17.3425 -1 -1 12.555 12.6152 14.3575 13.49 13.7825 12.365 13.6325 12.7275 13.545 13.2225 12.795 13.7425 12.9925 13.395 13.815 12.5025 -1 11.9175 12.6375 12.925 13.055 13.055 12.94 12.77 12.4875
17.41 17.235 17.2475 -1 18.615 -2 18.1325 16.695 18.3725 -1 16.165 16.9775 17.895 17.9175 17.6175 17.665 17.6314 18.36 18.715 18.7825 18.4325 18.0325 17.69 18.2775 16.4275 -2 17.8725 -1 17.16 18.3375 18.045 17.84 17.9325 16.5125 16.6475 18.0925 17.7225 18.4175 17.7625 17.68
16.89 17.0475 17.735 17.72 -2 18.06 18.805 17.31 -1 17.5275 -1 18.8775 18.0475 -1 17.8975 17.2275 -2 17.14 17.325 18.375 -1 -1 16.79 18.3125 17.185 17.35 17.105 -1 12.05 12.5275 11.8625 13.1525 12.6425 12.9175 13.3425 12.4771 13.055 12.4775 12.055 12.4075
16.65 -1 16.505 18.5225 18.1475 17.9675 18.475 18.005 19.355 18.3175 -1 18.555 17.7575 17.3075 17.875 19.13 17.4175 18.3475 18.38 17.65 17.695 17.855 -1 -2 17.0475 17.8875 17.285 -2 16.7575 17.7825 16.485 -2 17.1275 17.265 18.3975 17.47 17.94 19.31 17.9025 -1
18.4275 -1 17.8225 17.9268 -1 19.44 17.37 16.5675 -2 18 18.1975 17.28 18.745 18.1025 17.74 17.56 16.9 17.6375 17.9 17.4875 17.55 18.9325 19.435 18.255 -1 17.955 18.8075 -2 17.95 -1 16.245 -1 16.8225 16.645 -1 12.8905 12.6225 13.3925 12.67 12.9675
-1 16.7225 17.825 17.3975 18.0818 17.3575 18.44 17.49 16.33 17.3175 -2 18.445 17.8875 16.185 17.255 17.565 17.375 18.135 16.58 -1 17.1975 -1 18.255 16.8123 -1 14.3925 13.72 12.7075 13.345 -1 12.08 12.9175 12.64 12.38 13.525 12.5075 13.25 13.35 13.035 12.9125
16.42 -1 18.5675 17.3325 18.4475 17.7775 16.65 -1 -1 17.5675 18.2775 -1 17.1775 16.6575 17.6675 17.18 -1 13.565 13.0775 12.6325 12.96 13.035 13.6675 13.3 13.255 12.885 13.3325 12.66 12.975 13.3275 12.9625 12.2425 12.3475 12.7525 12.8175 13.3275 13.0875 11.9025 12.34 12.545
-1 -1 16.345 -1 18.0675 18.34 -2 17.43 -2 17.83 17.805 18.4625 16.915 17.0975 17.21 17.43 17.5825 17.9025 17.905 16.1675 16.43 18.38 17.2425 18.5475 17.795 16.845 17.6725 17.67 17.955 -1 -1 13.9675 13.7725 13.02 13.8525 13.825 13.3925 12.7375 12.5125 13.2675
16.345 18.5225 16.9625 16.6175 18.9375 17.995 -2 16.58 17.6925 -1 17.6225 -2 18.015 -1 17.445 16.4 -2 17.68 17.4675 17.5 16.8975 18.0975 18.0225 17.62 17.0275 -1 -1 12.5725 12.315 13.1325 12.4425 12.0475 11.9375 12.6075 12.73 12.6375 -1 12.4175 12.3225 12.385
17.1325 -1 18.3625 18.05 16.975 16.9795 17.3275 17.2175 18.1975 -2 17.2025 17.675 16.525 18.4425 -1 18.2025 17.69 17.1925 17.595 17.715 17.4525 17.795 17.34 17.555 16.3125 17.0362 16.8375 -1 17.4275 16.57 16.3675 -1 12.575 11.78 12.91 12.565 13.3525 12.7925 13.8025 13.055
16.77 17.48 -1 -1 17.83 18.0075 17.7775 17.535 16.92 -1 18.1775 -2 17.3425 18.5 17.7425 17.9836 17.33 18.825 17.64 17.71 17.4525 17.25 17.9525 18.0625 17.955 -1 -1 16.4 16.2625 16.8625 16.91 -1 12.7275 12.6575 12.97 12.8025 12.8875 12.4575 12.2325 12.4425
17.6575 -1 17.4925 18.2725 16.6525 -1 18.81 17.0175 17.94 16.6425 17.58 18.265 -1 17.415 16.54 17.29 -2 18.4414 18.715 18.07 -1 -1 16.32 -1 12.4325 13.4925 13.3825 12.7625 12.7 13.3375 12.5725 -1 11.695 12.705 -1 13.275 12.63 12.56 12.265 12.8575
17.1175 16.6525 17.585 18.5 16.925 18.5975 18.3075 -1 -2 16.9175 17.8 19.5775 18.525 17.29 17.1525 16.8825 -1 18.2125 -2 17.3325 16.969 17.5625 17.7625 17.7425 17.23 18.7825 -2 17.5175 16.8775 16.8475 -1 18.0175 16.655 -1 13.295 13.95 13.36 12.6425 12.5557 12.735
16.2175 17.2919 17.23 -1 17.2 16.8375 16.9875 18.2325 17.075 17.535 17.27 -2 16.47 -1 17.695 18.2325 17.9575 -1 18.3825 17.4875 17.0675 18.3314 17.9775 17.3875 17.89 16.9475 18.0675 17.0325 -1 17.08 17.755 17.165 -1 12.5475 -2 13.92 12.6075 -1 12.4433 12.6125
16.3225 18.0325 17.4675 17.93 17.9767 16.28 16.79 16.7225 17.5525 17.935 17.555 17.6825 17.1 17.535 18.7075 18.83 16.925 18.325 18.265 17.9225 -1 17.68 17.1225 17.9775 17.4275 -2 17.935 17.94 16.5324 16.8775 18.7025 16.5475 17.9375 17.57 16.84 17.9425 17.035 16.56 17.2975 17.23
17.075 -1 19.1 18.8775 17.9175 16.7525 17.46 -2 -1 17.34 17.245 -2 -1 17.5375 -1 17.9027 16.8 -1 17.325 -1 12.8275 12.7575 12.96 -2 13.1825 12.485 12.77 12.45 12.15 12.865 12.905 12.2825 12.8675 12.6375 13.3725 12.225 12.71 13.085 12.2825 13.415
-1 18.2175 18.6475 -1 18.4775 18.045 -1 17.63 17.0225 16.975 -1 -1 -1 17.4575 -1 11.945 11.8975 12.565 12.14 13.355 12.4825 13.3825 12.6975 12.5 13.4825 13.025 12.335 13.225 12.965 12.72 12.4175 12.665 12.8025 12.5075 12.505 12.685 11.745 12.5325 12.345 12.41
16.69 17.3425 16.7775 17.97 17.64 16.745 16.8625 17.66 16.945 -2 17.2575 17.4575 17.305 17.1325 16.4025 -1 17.1025 -1 16.535 17.02 17.535 17.59 17.05 18.34 17.915 18.6 18.515 17.535 17.715 18.66 18.6025 16.5875 17.605 17.105 17.65 17.6375 17.995 18.27 17.0575 17.24];
not_solved = [ -1    -1    -1    -1    -1    -1    -1    -2    -1    -1    -1    -1    -1    -1    -1    -1    -1    -1    -1    -1    -1    -1    -1    -1    -2    -1    -1 -1    -2    -2    -2    -1    -1    -2    -2    -1    -1    -1    -1    -2    -1    -1    -2    -1    -2    -2    -1    -1    -1    -2    -1    -2    -1    -1 -1    -1    -2    -1    -2    -1    -1    -2    -2    -2    -2    -1];
