RuleBasedSolver = [1.32 1.765 14.2825 1.885 0.815 0.685 0.2425 1.31 15.8025 10.5375 20.01 6.9075 3.91 15.0625 9.39 1.0925 17.785 2.6175 2.0575 12.03 20.01 20.01 5.1775 1.175 11.7225 8.305 6.8475 10.585 6.1175 17.8725 9.3275 0.6025 0.065 0.7975 1.325 1.2275 1.665 3.965 0.3925 1.8325 3.51 0.1775 1.475 12.7075 19.815 18.14 1.44 0.8325 0.8125 1.8375 1.8875 20.01 9.2825 0.6725 1.79 8.5125 16.495 3.11 14.9125 3.8 0.545 8.93 2.87 0.7125 0.1675 4.8525 14.875 0.11 10.7075 5.8075 1.505 6.9175 3.7475 0.35 3.745 1.0625 15.9975 3.1575 20.01 0.995 3.13 0.445 5.85 3.41 9.09 0.36 0.3875 0.5 8.105 20.01 2.1125 0.49 0.8975 0.8975 2.8825 2.035 13.3475 20.01 0.71 0.1925 0.655 17.6325 0.3475 20.01 12.55 1.81 3.1675 3.29 10.4275 11.105 20.01 4.1825 3.435 4.8425 5.33 0.2225 2.0625 8.88 10.1325 6.58 0.755 4.0925 0.1575 2.085 20.01 0.745 1.8325 4.48 4.595 12.615 20.01 11.215 6.525 16.5925 2.55 8.71 2.38 12.9175 1.1975 2.2175 1.04 4.48 1.9 1.855 3.695 2.1225 10.9175 13.0925 0.485 6.0025 2.71 0.5675 20.01 14.0575 2.48 3.6 0.8125 6.925 4.6 6.91 0.71 2.3675 1.115 5.685 5.195 0.7925 0.6875 4.1125 11.545 0.1825 0.595 0.3625 0.395 0.7625 2.99 2.5 0.2875 20.01 0.4325 20.01 20.01 11.6925 0.305 8.935 0.27 2.825 0.3075 0.5 0.855 0.52 1.97 20.01 0.4 2.5825 2.7175 4.33 20.01 2.845 20.01 20.01 0.8475 5.7625 3.005 0.2175 0.905 1.33 12.86 5.8725 2.49 10.635 4.3525 2.915 20.01 18.165 0.505 0.27 4.095 5.375 3.5125 0.195 0.62 2.39 0.91 0.97 5.1275 6.12 0.765 0.985 1.335 3.505 4.5375 0.3725 18.1775 20.01 4.4425 0.7875 0.4975 0.075 0.1025 4.5975 20.01 20.01 3.535 14.3975 1.76 9.3775 4.94 3.1475 1.465 2.78 6.5 5.7475 9.6175 5.635 20.01 0.43 4.2725 11.8975 13.085 9.75 6.6025 9.4625 9.91 5.2925 13.8275 3.1575 1.9425 0.5175 1.0225 10.425 3.0425 1.8225 5.895 5.5125 8.46 20.01 13.385 20.01 20.01 10.1075 0.05 5.185 9.595 3.2125 20.01 8.765 6.865 7 12.395 20.01 6.105 1.39 20.01 20.01 20.01 0.3925 20.01 4.9525 20.01 20.01 20.01 19.5175 2.4775 1.9925 0.37 0.65 0.565 13.235 1.9575 10.44 11.835 0.675 3.9525 2.0975 6.725 1.19 0.2125 10.945 12.0725 2.2325 6.1275 20.01 4.83 1.1225 1.0925 4.765 6.8375 2.335 4.0025 2.64 1.15 2.1075 19.0825 2.5925 4.65 2.6725 0.6575 1.3275 1.15 0.3675 0.365 4.225 4.055 14.5 2.185 1.125 15.315 0.9875 3.24 1.4625 0.8925 3.575 8.5775 14.3 4.6875 3.03 0.245 6.345 0.6375 10.7075 13.905 12.1925 0.27 4.475 0.2975 0.31 1.23 18.8325 0.5625 0.255 3.85 2.1975 10.9475 11.18 10.4275 1.3975 1.42 0.2475 8.0625 0.425 0.25 10.1175 0.3875 15.55 3.135 2.6025 4.88 1.415 10.52 15.34 17.1025 4.7925 0.635 16.2225 20.01 10.185 11.01 1.925 4.94 0.8375 0.535 20.01 20.01 20.01 0.15 0.1475 0.18 1.245 6.9475 4.605 0.86 16.14 4.59 20.01 7.565 0.4225 20.01 0.155 0.115 20.01 2.825 2.3875 0.875 13.49 1.24 15.66 8.5425 1.6675 20.01 0.2775 0.46 0.4475 1.1925 6.28 4.3 20.01 17.2025 20.01 2.3025 2.4725 14.81 0.56 10.625 2.095 11.45 1.13 0.1725 1.265 5.2175 7.66 5.9425 20.01 3.1575 11.19 4.4975 0.4375 8.4125 0.4475 3.565 7.45 3.9075 20.01 0.595 14.13 4.7625 2.41 15.915 4.6675 3.9425 0.1875 6.37 0.0825 4.965 3.98 0.39 8.6025 6.1375 0.2025 1.46 11.1925 11.49 0.625 0.1525 6.19 3.545 1.23 6.1075 16.34 20.01 4.0775 20.01 0.6375 8.5425 0.4775 0.4975 2.19 20.01 12.45 11.6325 4.4225 0.43 11.0525 3.9375 5.73 13.345 9.3 2.5025 14.2125 0.18 13.9925 0.8475 0.945 10.6725 3.4825 5.1775 5.355 0.3275 6.4675 5.7925 20.01 10.555 7.9075 0.29 0.35 4.88 2.015 19.54 7.8325 3.605 0.7625 0.1875 0.275 2.02 1.575 0.3525 9.7425 0.05 2.1025 5.1675 4.4325 4.69 3.8875 11.0425 20.01 3.02 10.1925 6.655 2.9925 0.915 0.665 2.325 16.08 16.685 1.27 0.345 0.9575 1.535 5.1325 0.73 1.6575 1.855 1.61 1.085 9.2325 9.2425 0.2775 1.8875 2.59 2.0875 8.6025 8.7125 0.6975 2.965 2.67 3.01 0.14 3.5475 12.97 13.66 20.01 12.645 1.0625 7.2925 3.45 1.985 1.445 1.3975 2.6325 20.01 16.915 2.235 7.24 0.8 2.0475 6.215 8.13 1.41 7.625 15.975 2.16 0.15 1.765 20.01 4.5475 8.425 0.585 2.4525 1.77 0.4425 5.295 2.7025 17.8475 2.9225 0.875 20.01 1.35 0.135 11.0175 20.01 14.2225 1.69 17.815 0.1275 7.0325 1.065 4.3075 12.635 1.0625 0.87 16.875 20.01 2.6975 7.98 20.01 2.0475 1.7125 4.3525 0.6175 1.4 1.1825 4.7675 5.5225 6.0925 4.19 3.94 5.575 20.01 0.62 20.01 3.1325 18.2275 20.01 1.3 9.36 15.58 14.3275 15 0.8975 20.01 20.01 20.01 17.81 0.38 1.5025 1 0.405 0.56 0.805 0.8475 0.755 5.3275 0.85 0.9775 5.49 5.12 1.8075 13.0775 0.3725 7.2725 6.4075 8.5075 8.065 4.585 6.0175 10.825 9.18 6.83 7.445 20.01 13.0075 1.655 1.58 9.065 20.01 20.01 3.535 0.6525 20.01 18.1975 18.06 4.4575 0.2175 0.9125 11.8225 10.21 7.51 12.49 9.74 0.4525 1.985 3.235 11.68 5.685 0.13 1.075 2.97 0.39 11.14 8.8025 4.0975 0.475 4.82 0.27 0.22 2.3975 0.345 0.1925 20.01 5.3775 1.705 3.7875 3.7075 0.3375 3.4275 6.9875 16.5875 12.4275 7.635 5.7625 8.015 4.39 0.65 13.41 6.9575 20.01 2.995 2.955 3.5725 6.82 18.7225 11.98 2.805 0.345 0.3925 8.355 3.8125 0.8 13.8475 4.1125 7.8275 4.005 0.46 12.07 15.1825 15.1425 3.5525 4.9275 3.39 4.0725 20.01 12.0025 19.2225 20.01 4.3425 0.53 18.27 3.91 2.09 5 3.9575 0.6075 5.45 4.81 20.01 2.355 1.23 1.36 8.1925 7.36 0.2525 5.405 20.01 2.85 2.85 20.01 1.595 0.33 3.6375 4.6525 1.4725 5.295 20.01 16.1025 7.1125 0.94 1.015 3.3825 3.1525 18.4675 12.1275 2.34 11.9975 20.01 13.8825 20.01 20.01 1.8225 11.525 20.01 7.9475 1.95 1.8175 20.01 3.6075 3.055 16.6475 0.6525 1.2625 1.485 3.42 2.4525 0.105 0.13 0.065 2.5375 16.3575 20.01 6.81 0.0825 9.9675 9.5925 1.2125 16.41 19.8525 3.38 10.065 9.685 1.4675 20.01 15.92 20.01 1.6525 0.19 14.84 6.4125 9.385 2.775 6.8375 5.92 0.94 4.82 2.1825 3.82 8.0725 14.7475 3.8225 0.565 1.3425 1.2825 0.5825 1.2275 20.01 20.01 0.24 3.27 1.295 20.01 2.9575 2.225 2.24 20.01 13.935 5.4825 2.07 1.77 2.415 2.3675 0.675 12.0275 0.23 0.2375 0.805 1.7325 2.475 2.54 1.6225 1.7925 2.3775 4.515 18.2625 14.83 1.935 2.8625 5.7325 0.625 2.19 0.2325 0.7325 0.735 6.5625 5.6075 1.82 3.15 11.3025 5.87 3.87 2.4175 0.5925 2.275 1.76 1.63 2.28 6.2525 7.015 5.8 0.695 0.6725 18.9425 1.065 1.105 9.09 7.4275 10.5175 20.01 20.01 20.01 0.385 20.01 20.01 13.97 1.095 13.5425 9.3625 16.83 20.01 6.975 15.7975 19.485 2.2275 0.8 0.2925 2.37 3.0525 1.5425 1.35 4.8375 1.0125 3.1225 2.9375 4.5375 0.35 2.475 0.07 8.33 1.385 1.0425 6.4525 20.01 20.01 20.01 2.24 2.025 0.185 1.01 0.42 10.28 5.315 9.8525 1.245 1.245 0.845 20.01 20.01 20.01 20.01 0.83 2.6125 1.115 1.405 11.5375 13.6125 12.29 0.82 20.01 7.485 1.5075 0.125 9.7825 1.08 20.01 2.23 0.9475 1.5875 4.6975 2 2.58 2.1275 10.7725 8.84 10.12 3.1175 8.32 0.3275 2.45 10.495 0.0975 2.6275 0.3075 2.1775 2.935 1.8425 4.98 2.295 8.1275 0.215 0.1025 1.505 7.41 8.1275 14.17 2.385 8.67 6.03 20.01 4.425 0.7475 0.8675 14.9175 4.715 3.44 20.01 20.01 20.01 15.4875 0.8625 7.2075 5.7525 7.695 1.595 9.45 7.2675 1.5725 12.28 4.06 4.345 20.01 1.1225 20.01 20.01 11.33 6.3125 1.005 0.8525 0.1325 8.975 6.0825 9.395 7.875 1.8475 0.4875 11.8575 9.175 4.8525 0.12 10.735 8.6375 20.01 20.01 15.62 5.3325 9.425 20.01 15.5475 7.3275 0.6825 1.515 2.7925 0.07 20.01 1.9525 4.65 7.17 13.5125 5.025 1.1075 16.0625 20.01 0.13 18.91 3.23 1.02 2.64 12.86 10.4975 2.9125 3.08 0.535 2.2175 2.8725 20.01 10.64 2.38 15.865 0.8375 0.725 20.01 0.7625 0.83 12.8125 3.48 4.1225 0.6375 1.9025 0.8125 1.9725 1.21 11.0425 6.1725 17.05 1.3425 1.1575 4.14 9.0325 3.3725 1.19 10.7325 20.01 1.19 13.015 8.955 20.01 12.175 0.9275 7.4275 1.09 8.08 1.2375 8.5775 12.475 20.01 11.3225 12.5725 0.15 20.01 2.9675 2.9725 0.5175 0.5575 4.5475 20.01 7.55 20.01 0.3325 8.7 1.5475 2.6325 14.3475 5.1775 13.3625 13.015 19.13 10.985 3.97 2.0125 0.555 11.0075 1.925 5.0275 8.1375 20.01 18.7375 9.4625 19.645 2.575 12.715 9.4625 14.385 1.2575 1.26 1.3425 0.9875 6.0225 2.6975 0.7 20.01 0.98 13.9 1.05 1.2725 0.1975 5.7925 4.725 4.4375 4.96 4.7975 4.1475 3.7475 4.7275 5.2475 2.0525 2.0225 20.01 9.255 20.01 2.95 5.2975 1.4975 7.3 3.9575 1.8225 2.59 4.8725 2.5025 20.01 10.44 4.84 20.01 20.01 20.01 12.7325 3.1675 4.22 6.6325 4.2625 8.025 0.315 8.2025 20.01 1.3925 1.375 2.115 1.89 3.25 20.01 20.01 1.5025 2.3125 1.995 4.735 14.755 3.0325 2.65 3.3375 20.01 3.7875 5.3575 20.01 20.01 7.46 5.0725 20.01 3.0775 12.4875 0.3125 20.01 9.485 1.975 