RuleBasedSolver = [0.355 1.03 0.805 4.435 20.01 2.1825 0.265 3.3275 0.08 0.205 20.01 20.01 1.04 2.82 3.8275 2.635 18.0775 7.4225 0.895 10.105 13.295 0.92 7.5775 20.01 0.9675 1.14 0.5475 20.01 0.12 8.89 14.7825 4.23 6.1025 2.8275 13.245 20.01 0.5575 10.72 11.5 0.9925 0.575 0.585 2.025 0.195 1.89 2.37 1.245 1.755 4.4675 9.6875 0.875 3.36 1.465 2.025 3.47 1.085 0.6325 0.405 20.01 10.1875 2.79 5.2575 2.1775 0.2125 0.215 2.7525 0.91 4.055 1.1875 11.6225 20.01 0.935 3.115 2.14 3.965 2.4275 0.26 0.2125 1.67 3.885 4.1375 2.8725 2.4 1.4275 0.7375 0.6 11.98 12.7275 0.5 20.01 0.26 2.56 3.1025 0.78 0.2425 0.265 7.955 5.93 6.265 15.9875 7.63 1.3575 0.435 4.9475 4.3425 4.315 18.785 0.2225 0.2525 1.3175 0.2475 2.66 0.875 2.02 0.2925 1.4225 2.0175 2.8925 0.5725 20.01 7.6975 4.0375 6.6975 3.7225 6.315 5.0725 4.6475 0.8025 14.875 8.9025 17.3675 20.01 0.7125 1.595 14.7275 20.01 9.6625 19.1025 7.3225 3.555 7.6 14.7375 7.92 3.8625 1.13 1.265 1.205 1.2475 1.6 13.43 20.01 20.01 0.325 0.13 10.67 20.01 9.0375 2.915 0.3225 3.1725 0.6325 1.195 2.33 2.49 6.26 5.4625 13.565 1.845 0.355 0.505 14.6025 9.99 2.5625 4.07 2.615 2.81 16.2125 0.68 1.1225 0.73 0.7125 2.615 5.1975 7.8075 3.75 6.02 0.2575 0.365 4.7825 1.1225 20.01 2.9225 8.5175 10.345 0.525 6.215 0.7825 0.9125 11.33 5.815 0.555 19.93 14.0275 1.68 2.0225 1.7275 10.45 3.6775 0.1875 5.54 1.2125 1.615 1.1125 0.705 4.9175 8.2325 0.355 20.01 11.8225 1.6825 13.1525 6.8175 9.04 3.9525 1.23 1.5575 0.0625 5.875 0.3375 2.9575 2.9075 1.63 0.8875 0.415 6.0725 10.615 2.795 4.0975 1.38 8.145 3.7275 2.965 1.0875 1.5525 0.13 4.5125 1.7525 15.75 16.675 1.5675 2.0175 10.7275 0.5375 11.0725 7.6125 1.085 1.335 5.8425 3.2625 4.62 0.2475 1.1075 0.68 4.765 1.6725 4.62 13.33 9.9075 1.935 8.6325 1.875 6.7675 1.62 9.195 2.0725 0.955 9.78 0.425 1.13 4.83 16.2125 1.0725 0.5325 1.705 1.015 0.87 16.065 0.965 6.4075 1.1275 5.7225 0.43 6.8175 11.4225 1.015 2.085 13.235 1.445 0.5275 1.1 1.3325 3.81 7.065 3.9225 15.315 1.0675 2.2325 2.3025 0.26 0.345 15.99 10.8 7.965 1.465 6.235 2.11 1.4 5.805 20.01 20.01 14.725 3.8675 0.5275 18.4475 6.2525 20.01 20.01 7.76 1.26 2.52 0.28 8.8775 0.4925 0.61 0.515 7.9375 11.1675 4.285 4.8825 2.9375 15.6925 1.515 10.455 20.01 20.01 2.5475 1.21 2.3575 4.42 0.5975 19.32 16.5475 0.19 1.6975 1.56 9.5775 20.01 0.335 13.9375 12.555 4.8625 11.5 0.05 0.05 12.3125 4.2575 14.825 20.01 5.01 6.0025 0.6625 0.0775 20.01 12.2575 13.505 0.275 0.0675 0.0675 0.0675 0.165 2.1825 0.6425 3.69 3.8725 0.05 14.83 20.01 0.5525 20.01 0.07 7.545 2.8 6.9 1.83 20.01 8.0525 2.505 0.2 1.2275 9.8175 8.1 0.6575 7.06 3.5025 0.3925 0.41 0.645 0.5525 0.1325 0.54 17.975 7.345 0.855 20.01 0.86 3.13 2.59 11.8775 7.1575 6.8925 0.6375 0.795 2.9375 0.715 0.2075 7.47 0.9875 6.415 15.6025 14.185 15.1225 7.585 1.9925 11.4175 14.1575 6.9125 14.495 0.42 0.61 1.62 2.3525 15.695 1.1525 3.86 0.98 0.6875 20.01 0.685 0.44 5.1575 20.01 3.75 6.0325 2.895 1.36 4.105 6.18 8.28 0.3275 0.535 1.045 1.1675 11.41 9.57 6.0725 5.9575 8.53 1.87 5.8675 6.1625 19.17 18.8675 3.9225 2.045 3.665 3.855 3.2575 1.7 2.1375 0.7175 0.3325 0.525 0.65 1.095 0.875 6.5225 2.47 17.11 17.2575 1.2975 0.81 1.055 1.07 19.3425 1.605 17.01 0.3125 11.185 14.3175 1.89 2.33 1.8625 9.63 5.11 3.5625 17.6675 16.3475 1.3275 6.35 4.7775 11.3775 13.5925 3.24 1.185 9.07 9.9475 11.75 0.5875 10.72 0.895 20.01 0.96 2.5675 1.9125 1.8775 1.8875 0.37 17.9175 5.345 4.7825 18.1325 1.92 0.59 10.575 20.01 15.11 20.01 19.7525 10 20.01 19.8 1.2075 1.5075 0.13 15.1425 0.06 10.9325 3.5825 9.5125 16.2125 2.1675 14.4025 19.1375 19.005 20.01 20.01 3.1125 7.7 0.3925 20.01 1.74 0.3425 2.05 0.165 16.6125 1.5625 11.41 0.96 0.6625 1.7875 20.01 3.99 0.5975 0.6075 0.7775 5.8975 7.635 9.495 3.925 2.7575 18.465 1.8225 3.195 6.3475 3.78 10.3975 9.04 10.44 8.9825 20.01 3.205 4.4975 4.2525 20.01 17.64 11.56 3.53 3.0625 20.01 2.1425 11.05 16.5475 6.1025 11.9825 18.89 6.91 0.44 10.39 1.8825 0.72 1.76 0.2375 14.24 16.025 3.0275 10.4575 5.9075 3.4025 9.59 0.2525 2.89 0.1875 6.08 15.6675 2.5825 16.245 5.0875 2.8275 1.39 0.495 5.95 1.5525 1.5975 1.5875 1.5775 2.79 0.595 8.475 9.925 0.33 0.5475 6.3125 3.97 3.98 2.9325 4.3725 15.9825 3.34 9.3075 4.3 7.3225 9.655 4.325 2.7125 0.16 2.1025 9.89 0.8425 8.57 2.2275 5.3975 0.075 4.21 16.6125 20.01 4.495 3.81 3.6175 15.5625 16.64 20.01 20.01 2.895 4.885 2.2125 2.3225 20.01 7.9125 0.3175 1.0125 2.9875 17.465 0.3625 1.3075 1.3 0.635 0.725 1.7225 1.9725 0.585 1.0025 3.5825 2.0925 13.1775 7.6 3.8475 3.895 14.45 1.5175 2.9125 20.01 20.01 0.1375 20.01 18.32 5.19 20.01 3.4625 0.81 0.43 6.2825 19.13 11.3025 2.74 10.005 10.3625 4.1475 1.6425 0.7075 0.92 0.7625 17.4725 11.3025 20.01 20.01 0.54 0.505 0.6025 0.5575 2.7325 0.335 6.1125 6.1075 4.99 17.17 0.64 5.4525 6.51 0.625 2.56 0.9925 7.715 20.01 1.7575 0.3425 3.365 0.18 20.01 8.38 13.5775 1.6625 20.01 0.82 1.14 1.26 15.835 20.01 0.675 20.01 1.42 20.01 5.825 3.765 20.01 2.6475 0.195 1.12 4.055 1.0425 8.93 2.2025 3.5725 0.32 20.01 2.2575 0.72 0.205 0.2325 0.2225 0.77 13.905 0.88 3.6025 2.4075 1.145 6.895 2.215 1.2 20.01 3.405 3.3975 12.595 1.71 0.1875 1.0325 2.355 12.305 0.575 0.995 3.4375 20.01 6.31 0.4175 0.965 9.12 9.9675 18.1225 1.48 1.355 1.22 1.41 1.5475 8.5525 4.8725 7.4075 4.4025 2.385 2.3075 0.2025 1 19.0675 12.1125 1.78 1.7 0.2875 3.5775 13.4425 4.9925 20.01 3.3625 3.435 10.455 11.5225 1.0075 1.955 1.9175 1.3375 2.1325 5.185 1.63 0.845 1.77 6.225 5.4175 0.28 1.8625 2.7 11.4775 5.035 6.8025 4.08 8.505 6.6625 0.3025 20.01 12.4725 3.0375 6.0575 0.185 0.32 0.4275 20.01 20.01 1.98 20.01 17.1425 20.01 1.3225 0.6675 0.645 10.5375 0.985 1.0925 2.555 2.3375 4.44 20.01 20.01 4.2225 1.2375 3.6675 0.085 2.6975 17.3375 2.495 1.68 0.63 0.625 13.86 11.77 11.265 13.1725 20.01 0.2725 18.2375 1.4125 0.36 20.01 20.01 18.1275 20.01 8.0525 4.2525 1.1825 1.3625 14.0075 12.69 13.5775 1.7275 1.6425 8.185 2.8475 4.635 12.5075 20.01 0.12 0.1175 4.92 2.7475 7.8025 1.015 8.755 12.58 11.8575 20.01 2.4025 2.455 0.195 1.3925 9.5775 1.8 13.6725 12.2575 0.6925 2.625 0.8525 20.01 0.725 13.635 1.1225 0.1225 5.6025 14.695 20.01 5.62 20.01 0.4175 2.23 10.55 8.99 1.635 18.215 20.01 0.935 0.9375 0.875 0.96 2.855 2.1675 1.6775 0.45 0.8125 0.395 2.2025 3.065 3.35 2.0925 3.7425 1.65 9.87 12.8175 13.0025 3.4175 1.6775 3.2975 7.1925 3.2 1.2375 0.0325 0.03 0.0325 20.01 18.645 20.01 18.3525 19.9375 19.37 1.575 0.265 20.01 7.79 0.21 20.01 14.3775 20.01 3.4925 4.4775 4.27 2.3525 1.04 7.455 1.0275 4.1825 4.7975 11.235 6.99 0.6875 20.01 0.1525 2.64 7.075 2.0125 3.5875 20.0025 0.015 1.07 19.0275 19.015 9.0125 2.825 2.545 2.4425 0.505 2.835 13.0525 2.4 3.9175 3.04 1.8475 8.085 15.3375 0.2475 2.8625 0.9675 20.01 9.5025 19.8 1.205 0.14 3.84 20.01 20.01 20.01 7.52 20.01 20.01 20.01 8.9025 2.8875 2.075 20.01 3.5275 0.7925 6.0475 0.4975 1.275 0.5625 0.795 3.76 14.74 5.84 2.485 20.01 2.715 4.3325 4.99 20.01 0.53 0.53 3.9425 5.5975 20.01 20.01 2.24 5.0575 3.88 2.9875 3.6075 0.2175 0.5525 0.0525 20.01 20.01 0.315 0.085 3.9125 5.1 20.01 20.01 1.82 5.28 14.0175 2.7075 0.885 9.6125 20.01 12.04 2.1225 9.2775 1.795 20.01 14.82 12.875 3.6625 4.3875 0.495 0.3 1.1375 6.125 10.14 5.7525 20.01 3.1475 4.8075 1.4775 6.675 5.875 5.835 4.235 15.165 0.67 1.05 0.2825 7.405 0.555 0.6675 5.3175 4.91 4.975 20.01 0.19 0.12 3.665 1.6075 4.825 4.9275 3.5675 0.4125 6.72 5.87 6.62 5.3775 2.4475 4.375 20.01 20.01 7.94 12.855 13.265 0.6875 7.07 3.4125 9.01 14.0775 1.4025 3.395 3.5425 3.53 4.3625 0.2525 1.2925 0.8825 0.96 20.01 19.3 1.285 1.09 1.95 20.01 0.5825 1.9825 16.14 20.01 8.2625 5.1175 4.3425 11 1.71 1.8975 14.2875 2.385 3.115 0.0825 0.33 3.0025 13.8 13.805 20.01 5.985 14.5225 3.7025 1.13 0.93 1.485 1.385 9.1025 5.7875 0.6525 0.645 0.95 3.36 3.2775 6.005 0.89 0.3 12.1675 0.9175 2.415 2.475 8.815 4.5925 0.06 0.6925 8.6025 20.01 0.5575 20.01 20.01 2.87 10.04 0.275 2.14 7.0425 20.01 14.15 4.2425 20.01 14.645 3.48 4.5025 6.1875 9.68 20.01 0.77 0.8625 4.7625 20.01 14.8825 11.03 12.2825 3.3025 20.01 0.425 18.96 16.9025 20.01 1.4825 20.01 2.13 0.31 0.2075 1.8025 7.5275 13.4775 0.5675 9.7625 10.4275 16.715 0.9975 0.615 4.84 0.06 2.1475 6.9475 