RuleBasedSolver = [3.1025 5.445 10.6475 20.01 5.825 3.8475 16.8775 2.355 3.26 14.145 0.2775 3.3825 1.47 1.535 0.335 20.01 2.845 2.0875 20.01 0.765 4.895 4.95 4.3725 5.9375 7.19 1.38 1.1125 18.0625 5.255 17.59 7.2175 20.01 10.0675 0.7525 1.6725 2.69 3.985 0.725 4.54 9.21 1.83 1.815 1.15 0.3475 5.5375 1.52 1.3575 6.28 16.0575 0.5925 1.5475 20.01 2.6175 4.1575 1.445 0.2125 10.4475 11.005 8.3325 2.1625 1.115 0.6575 15.4 2.865 0.0675 0.125 20.01 2.9075 20.01 20.01 0.8025 0.8475 0.535 1.3825 0.905 1.34 20.01 0.3225 0.3225 1.09 11.5475 20.01 16.515 9.74 16.5575 4.0925 20.01 6.47 2.8425 10.595 20.01 1.5925 4.6425 6.4575 1.8125 0.2325 16.0475 0.6 16.135 15.225 20.01 19.0125 20.01 0.51 0.3925 0.3925 0.605 4.135 14.5725 10.4275 1.0725 0.18 3.3325 1.9675 20.01 13.61 20.01 13.89 20.01 3.29 20.01 2.535 17.4575 14.8025 12.2175 3.145 4.6475 3.8975 6.205 0.0475 0.18 0.175 0.78 0.0725 0.07 0.6575 4.1925 11.6275 0.94 0.6275 0.725 2.14 7.8275 0.29 0.22 1.6975 11.19 6.895 5.4275 5.0775 9.825 0.6925 4.49 8.5875 6.4175 1.2575 7.585 9.0275 6.43 1.52 0.7225 1.1225 4.07 2.7275 1.765 9.0275 20.01 0.2125 1.85 0.7975 0.1625 0.5625 2.45 0.9775 4.69 2.13 12.0825 2.425 0.8275 20.01 20.01 20.01 14.9075 13.42 8.695 5.84 5.8825 0.865 20.01 3.48 6.0975 1.7 8.0325 17.545 1.235 1.3625 1.1125 1.2325 1.6275 3.245 0.83 4.615 6.105 6.9575 0.4475 0.41 0.8625 5.715 4.895 2.535 2.895 12.395 20.01 5.69 1.3875 12.1025 0.5575 2.72 3.495 2.1125 4.05 0.3975 3.6275 1.5425 3.82 6.5675 2.56 0.6275 0.6475 0.6575 0.9375 2.4175 5.65 0.2875 2.4125 20.01 5.5425 3.975 3.1975 0.8075 0.695 5.2875 3.24 12.625 0.9175 1.16 2.5475 2.675 0.45 3.32 3.74 20.01 20.01 7.06 15.565 12.4625 20.01 9.82 10.7 0.905 0.665 20.01 0.1125 7.5875 10.8675 12.2275 5.32 14.57 1.8075 2.14 6.9475 8.0575 3.42 20.01 11.2425 5.27 0.32 1.0625 8.695 1.075 0.235 5.72 0.3375 0.3275 0.2825 0.4825 3.7325 10.7875 13.3125 3.085 6.2925 4.35 2.1325 8.93 16.91 20.01 0.725 0.35 3.27 0.61 1.81 3.2025 1.09 1.8075 1.7475 16.66 1.615 20.01 3.6825 1.0825 0.085 2.52 2.3725 3.0975 6.5875 2.5675 7.1775 0.5525 5.0725 2.225 12.175 15.7525 0.1125 0.2525 7.9075 1.5125 8.7375 6.2075 0.7875 8.125 0.7975 6.455 0.305 0.1875 0.5625 0.36 0.3325 3.7825 20.01 2.5525 2.47 2.185 4.9925 0.675 1.605 0.9925 0.625 6.61 14.6425 0.115 0.5275 0.4625 2.54 1.5325 4.2875 1.7125 0.925 20.01 1.27 1.3225 20.01 7.745 0.1775 1.47 7.155 20.01 0.6275 3.8 5.05 1.95 2.3025 12.22 1.53 0.2725 1.465 1.385 0.6425 13.45 0.405 15.3675 1.0425 18.04 0.3975 0.345 20.01 2.7725 0.4225 9.77 1.615 13.5925 3.815 0.075 0.115 9.84 6.09 9.77 0.265 2.275 20.01 20.01 7.58 0.55 0.7625 5.4875 0.375 0.1675 0.2 0.6325 0.805 1.6275 4.2925 4.13 4.435 5.5 2.9 15.3475 0.655 4.5 5.29 0.735 2.2075 6.06 0.4775 0.48 13.895 5.1575 0.53 0.1375 17.44 11.5 13.3925 1.7125 11.695 19.135 5.1425 13.58 5.045 6.85 7.4525 3.84 2.65 6.8125 20.01 0.6625 0.26 0.9375 1.5175 1.7825 6.9325 0.7925 0.685 9.875 5.6575 15.705 0.1025 0.1175 0.1125 12.6275 13.6725 0.0875 14.0425 19.3725 5.68 4.575 0.275 0.1275 20.01 20.01 20.01 5.7525 17.045 8.3225 9.45 14.37 0.29 1.1025 1.8125 0.4825 1.5975 2.08 18.335 12.0125 0.5 4.4025 16.3475 20.01 14.965 3.195 20.01 20.01 2.775 2.2475 2.02 13.715 4.61 4.6225 0.415 20.01 2.5625 1.425 4.145 8.315 0.26 1.015 0.9075 0.6075 2.5825 0.5125 0.1575 11.1325 0.9525 0.795 1.91 5.71 3.48 1.5075 20.01 3.61 3.6525 2.5075 7.5725 1.7625 1.1075 20.01 0.7625 0.9075 3.52 1.1375 20.01 5.6225 0.7175 0.8625 2.99 20.01 8.8825 9.2125 4.9125 4.0075 20.01 1.135 0.5425 1.8125 0.2825 0.4025 2.62 2.6825 20.01 20.01 16.5025 2.67 3.815 8.15 12.485 0.3975 1.2475 2.0575 0.675 1.7425 18.38 16.48 2.6225 0.665 1.075 1.0775 0.51 2.8025 0.4475 7.175 2.65 17.8975 0.95 0.065 2.9625 5.4575 5.2025 4.19 11.455 1.4425 10.99 2.7625 2.715 16.905 1.5425 3.7375 18.165 2.6475 0.9875 0.3275 6.645 14.8025 5.2975 3.9325 0.9875 8.9475 16.23 20.01 0.76 13.015 13.6675 0.1525 4.085 5.72 3.88 0.39 15.635 6.5875 0.37 7.0425 20.01 2.26 0.7 0.68 1.035 2.4725 20.01 14.235 6.195 10.2275 2.83 20.01 17.6625 5.3725 1.875 3.125 17.6825 0.0975 6.855 5.1125 1.2 4.4775 0.25 0.575 20.01 20.01 1.085 1.5725 9.19 20.01 2.9625 4.5225 4.7875 3.78 9.9525 10.225 10.4075 20.01 2.335 1.245 2.165 8.065 4.97 17.4825 0.7425 10.7875 1.6975 10.6575 0.8075 0.6025 1.065 6.4425 8.525 20.01 0.88 0.7625 2.3825 0.6075 3.585 1.775 1.09 0.81 0.985 20.01 1.9 1.9775 0.7775 20.01 20.01 0.46 1.61 2.8925 6.085 20.01 0.6525 0.6575 6.7025 1.7025 0.5675 20.01 0.195 5.4275 0.6475 0.93 0.565 4.97 1.73 2.695 20.01 15.3875 18.1975 2.0625 1.25 20.01 1.95 4.565 0.7 17.12 1.2825 20.01 1.2375 2.6825 0.485 3.6875 4.02 2.1175 2.205 1.79 0.175 20.01 17.2275 20.01 15.74 13.7925 16.4325 19.7925 13.64 4.1425 5.0525 0.7075 0.695 6.105 7.65 2.795 0.15 0.1475 0.4875 0.3425 0.31 0.14 0.06 0.385 16.3175 15.675 16.985 4.745 6.1725 5.8625 0.06 0.14 0.0575 0.3725 10.395 0.0575 1.4725 0.2525 20.01 17.8975 20.01 7.44 1.29 20.01 1.3775 7.085 0.1525 1.62 7.0375 4.1325 3.0675 0.2275 0.29 2.1975 3.99 3.75 5.1875 10.2675 1.3425 1.3125 2.6225 0.62 20.01 0.2375 0.1125 3.6825 7.505 20.01 4.2475 2.075 10.9525 6.8775 0.5675 20.01 19.585 20.01 0.36 2.445 20.01 20.01 6.59 20.01 4.9025 1.6075 2.2525 3.175 0.3825 2.8975 0.155 1.6975 0.0525 1.1625 1.185 20.01 11.16 10.6825 20.01 20.01 3.01 3.525 2.9825 3.3475 3.545 2.2225 1.3675 12.045 3.94 6.935 20.01 0.4025 6.145 1.54 2.3575 3.1775 20.01 15.845 6.4075 15.015 20.01 13.5325 1.81 1.485 12.6525 3.07 10.8825 1.6075 4.91 20.01 4.9 4.96 0.8575 7.7825 0.78 0.7225 3.1 0.54 2.585 2.2475 20.01 3.515 20.01 20.01 0.8725 4.665 0.1425 3.695 0.6125 2.955 8.5325 7.13 2.33 17.3 20.01 20.01 20.01 0.435 0.96 1.2 1.21 4.05 12.1225 10.9375 14.0675 13.435 5.385 1.5325 6.13 1.6675 2.405 1.47 1.455 4.04 6.5975 3.895 3.3225 2.4325 1.46 1.6775 1.54 6.2525 4.3 0.2575 11.36 0.285 0.235 6.3875 11.065 20.01 0.3825 0.41 0.2575 0.415 12.7825 20.01 20.01 13.765 12.8625 0.74 1.5675 1.02 6.21 0.92 1.25 11.8875 0.5125 0.43 20.01 20.01 0.46 14.715 2.6875 6.4 2.6425 4.38 2.99 3.2 2.5625 0.55 11.6425 4.315 10.7525 11.83 0.3 2.985 9.14 5.26 11.5925 2.18 9.03 20.01 1.3675 1.11 2.495 1.4 7.2625 0.29 0.145 0.4175 0.4425 0.1925 1.945 3.13 2.785 2.775 9.8275 5.815 3.1625 2.6675 0.8425 0.4925 0.7 2.895 13.1425 1.86 0.4 3.6325 20.01 2.1925 0.165 0.4225 0.3575 0.0875 0.4575 0.085 0.49 0.38 0.4975 0.23 0.09 0.085 0.23 0.2925 0.1925 0.5725 2.26 2.1925 13.885 4.5575 0.77 0.035 0.1 1.445 20.01 13.475 20.01 0.1825 0.8325 5.8775 3.655 3.3425 5.295 0.16 1.73 1.5825 0.13 0.395 16.7175 2.98 1.27 1.345 1.915 11.6475 1.195 1.9175 0.705 2.98 11.3525 3.6025 9.9125 10.0425 1.7025 3.6675 0.3975 0.505 0.3725 0.4575 20.01 2.605 20.01 20.01 0.4125 2.1875 2.8325 11.015 1.5025 20.01 0.6175 1.1975 8.7425 11.3 1.6 0.8425 1.27 6.2225 6.7825 5.9625 2.8575 1.915 7.12 5.0925 1 1.525 4.5475 0.1825 1.955 1.8475 0.4225 2.975 5.455 1.2075 8.11 20.01 2.2725 13.3 20.01 0.495 18.565 0.5775 0.3675 0.63 1.1925 20.01 0.285 0.3575 4.6875 3.135 3.9625 0.825 0.585 2.9675 6.14 0.0575 10.1775 9.49 0.14 0.7125 0.4075 1.57 0.4 4.3175 19.1775 14.67 0.5725 3.22 1.17 0.6125 20.01 20.01 3.38 12.7275 0.3425 2.7775 2.1725 6.3575 7.36 3.1075 6.9575 17.2675 1.4 0.16 20.01 0.57 3.98 0.075 0.075 0.075 7.16 0.0475 3.035 2.2825 11.5675 20.01 0.1925 0.36 0.3925 2.79 5.7025 15.16 0.755 0.1625 6.5425 5.335 16.265 4.12 11.085 2.68 9.82 16.0625 2.5625 9.915 20.01 0.0725 2.945 20.01 11.2175 6.93 0.7575 0.3675 14.705 3.2825 2.4575 10.4025 1.0925 1.325 8.495 17.555 4.685 3.6825 4.0525 1.71 0.49 9.9975 0.4875 13.27 3.9675 5.985 3.8575 20.01 20.01 6.455 2.8875 20.01 18.7275 0.9475 7.0575 4.5675 14.2775 6.44 5.8325 7.0025 4.445 9.52 4.115 0.46 1.965 17.0325 9.295 4.155 3 19.36 15.78 2.17 2.515 13.8575 0.76 8.6525 0.2975 13.405 14.6075 0.86 1.28 5.035 5.93 1.18 4.73 4.9775 0.945 1.7675 1.9325 0.3325 1.4675 1.5175 1.1475 5.4275 1.045 2.115 1.3675 7.49 0.35 0.42 0.62 5.39 3.4125 0.3275 0.5275 0.5325 6.2075 0.6825 8.885 20.01 1.9275 2.3775 2.8775 0.755 20.01 0.43 4.015 5.48 1.405 14.89 5.3325 1.5 3.33 1.58 3.435 6.69 3.415 2.5175 2.775 0.8575 8.9475 1.98 7.8875 0.6925 1.2675 1.155 0.2225 1.655 4.7725 