RuleBasedSolver = [2.725 3.78 2.2575 2.45 11.945 0.1625 0.6 5.86 8.5625 0.44 0.5475 0.9825 4.5225 11.595 13.5575 0.8525 3.535 1.8575 2.255 2.225 4.315 0.775 6.2975 13.1675 1.485 0.445 0.4475 1.5375 1.45 11.5875 6.955 1.355 1.89 18.205 0.285 0.3725 1.84 11.8075 4.385 6.665 12.265 14.2775 7.71 3.795 10.5325 0.425 7.8625 3.375 3.1325 5.1225 4.8425 2.285 13.2775 1.5 0.255 20.01 3.66 20.01 1.19 1.3825 0.5175 1.0175 0.6025 0.13 16.1 2.2625 3.47 3.4275 6.27 2.8775 1.335 18.85 3.12 0.295 0.405 3.4275 20.01 0.12 0.89 1.655 20.01 15.4125 5.01 3.4875 1.77 5.335 3.1925 0.31 0.8525 20.01 2.155 1.54 7.7775 0.7125 2.4725 0.545 1.5675 1.68 10.2025 11.7475 2.64 0.8425 3.135 0.55 3.1925 20.01 9.0525 1.425 8.1225 5.635 2.5225 5.8425 5.8075 5.6475 20.01 0.3275 0.34 4.2725 3.2525 5.4625 7.2975 0.58 0.3375 3.9525 1.4375 18.2775 0.39 0.35 2.3275 6.14 0.42 5.95 8.7025 20.01 17.9525 0.52 1.76 20.01 1.16 2.9525 0.5075 1.8275 4.87 9.1375 1.805 20.01 0.4825 19 3.385 2.405 0.1625 0.935 1.36 19.2725 13.8775 0.64 1.09 4.4825 4.0075 2.6825 2.54 20.01 0.7975 0.69 0.1375 3.8425 12.66 19.645 2.05 2.415 2.97 20.01 20.01 20.01 6.025 9.6275 7.7 0.5825 4.9075 0.575 6.4875 4.7875 2.33 1.9975 0.86 0.8575 1.665 4.35 20.01 4.8125 3.7525 0.18 8.5975 1.1075 1.5125 0.9 4.2025 1.19 16.22 20.01 4.0025 1.6025 20.01 2.4725 5.9075 10.42 10.215 0.6225 18.4425 5.265 2.2325 0.51 13.22 0.1425 0.26 1.1575 5.82045 4.6075 0.3025 0.285 1.225 1.1925 5.92 4.31 13.54 0.07 4.5425 13.7525 2.925 0.4925 20.01 1.9 0.3575 20.01 2.555 20.01 6.1 0.8475 9.0825 2.0625 9.8275 4.995 3.8425 2.8025 4.0375 4.61 1.0425 20.01 0.7375 0.175 20.01 11.2325 1.46 1.145 1.145 20.01 0.55 20.01 1.8075 6.86 14.135 6.84 0.8225 13.585 1.4175 0.54 0.39 0.2825 20.01 4.27 1.1525 3.8225 4.6775 0.715 3.28 1.02 20.01 19.6425 11.0375 20.01 0.5925 5.42 11.065 0.0775 20.01 13.8425 2.8325 17.54 12.4625 12.15 1.1625 0.2275 20.01 11.5475 0.7275 5.7825 0.1975 1.7125 0.905 5.8525 0.4 5.89 0.155 1.3175 20.01 18.08 1.17 2.4625 2.9975 1.265 0.2325 0.2 0.955 0.275 12.7425 8.54 8.515 8.695 3.86 9.9925 2.0225 16.96 7.745 7.71 7.7875 7.7075 5.7 0.6175 7.5325 9.345 4.6425 0.9225 2.3475 20.01 8.08 8.4025 3.12 0.58 1.5425 2.5575 1.845 2.405 4.01 0.895 0.24 8.7275 0.315 7.85 3.6075 0.5475 0.5425 1.7075 20.01 4.305 20.01 1.55 1.31 0.045 0.05 3.66 0.9675 7.95 11.24 14.3577 17.0173 20.01 20.01 6.09 6.31 0.895 9.0425 5.0025 0.455 1.85 1.6625 2.685 0.395 12.1525 15.9925 15.205 3.0625 3.26 3.605 8.155 11.92 9.6075 0.5 2.5725 0.9225 2.43 5.495 1.8675 4.0825 5.5225 20.01 20.01 0.965 20.01 20.01 2.9025 0.4475 1.6575 6.615 0.405 3.445 5.13 9.655 13.865 20.01 9.705 11.4 4.055 7.0775 20.01 0.675 15.045 20.01 13.0875 1.205 1.4425 20.01 0.825 1.6025 12.4775 2.97 12.7325 0.41 0.515 0.8625 2.76 8.63 3.63 6.95 0.35 3.1125 3.7575 0.19 2.6375 4.6675 16.1 4.2525 16.3775 0.64 9.1525 2.0175 3.3025 20.01 2.085 1.1875 0.71 7.045 5.055 1.635 1.7375 1.6 2.1525 9.0675 8.015 9.2225 5.2375 5.2225 2.525 17.435 1.985 5.805 3.665 9.7775 2.2325 5.0725 3.875 11.7625 4.0775 19.3975 1.36 5.9275 3.885 14.4425 8.5175 7.77 0.9925 0.3125 1.785 20.01 13.88 4.965 1.35 15.7525 20.01 20.01 1.9375 0.135 2.085 9.6525 9.34 2.7625 4.525 0.2625 7.795 12.6525 1.5775 1.2025 11.575 4.4425 10.905 0.1775 20.01 3.4125 20.01 3.6 17.625 2.125 13.3275 1.8975 2.05 0.87 6.0975 0.08 11.36 20.01 20.01 3.74 4.4225 20.01 20.01 15.3575 17.4025 2.06 1.8675 4.4275 9.835 0.6075 7.8125 4.055 2.4825 1.165 5.6775 7.705 0.625 20.01 20.01 20.01 5.0025 7.145 1.1225 0.815 0.92 1.3325 7.1775 1.535 20.01 6.5225 2.6025 5.1925 0.4725 0.37 1.375 0.125 0.25 11.9325 2.61 12.4275 8.5725 16.77 20.01 18.32 0.735 5.1225 4.2775 0.97 7.575 15.115 0.53 0.2925 8.2225 12.66 0.3025 1.2975 20.01 19.345 1.3975 4.1325 20.01 20.01 4.51 20.01 2.315 2.43 7.5875 8.0425 6.2825 1.61 1.6025 10.4475 2.235 2.0775 3.99 13.735 20.01 20.01 8.1625 8.2175 0.34 20.01 20.01 8.0175 8.0025 20.01 18.6975 2.185 1.8875 20.01 2.015 20.01 0.64 6.7475 7.2075 1.65 0.93 1.01 0.52 0.8275 7.645 3.5225 2.2975 5.31 20.01 20.01 6.335 1.0275 0.245 20.01 9.175 2.33 9.2625 1.9925 20.01 20.01 0.185 0.205 0.065 0.8625 0.785 2.9925 20.01 3.8725 20.01 2.52 11.4025 20.01 16.7025 7.12 1.4925 2.9225 20.01 5.6025 20.01 20.01 10.855 0.62 1.32 2.75 1.6275 15.815 0.3 7.47 0.415 6.57 5.9975 5.0675 1.6325 10.445 2.08 1.8425 4.3325 20.01 4.8375 0.4425 2.4775 7.51 1.7975 8.3725 20.01 12.71 20.01 11.1125 7.9525 2.9075 20.01 1.135 20.01 20.01 0.09 4.1225 0.865 8.395 20.01 13.66 0.3075 2.7925 2.2525 7.3875 1.2575 1.01 1.415 0.38 6.9725 12.81 9.485 9.3675 7.6225 20.01 20.01 5.895 0.1975 10.4175 2.9625 2.015 0.8 17.515 12.4875 20.01 0.9275 1.065 13.73 3.4175 0.1625 3.155 12.3825 18.6225 11.375 20.01 20.01 2.1025 1.285 3.58 1.3325 1.7525 1.5675 10.2625 7.645 0.135 6.6325 13.6325 1.0075 12.8075 1.1575 20.01 1.9525 0.87 0.4175 1.1275 2.97 9.135 5.325 1.845 3.1075 20.01 20.01 3.3125 0.2675 1.57 5.445 4.79 1.69 20.01 9.7025 4.4425 4.625 0.1175 20.01 6.1125 0.4125 0.4725 0.3075 11.575 20.01 0.255 0.0475 1.2275 12.5925 1.715 7.755 0.2875 15.1375 0.7425 5.38 0.8225 2.3725 20.01 4.75 1.8475 7.135 5.5375 5.55136 20.01 0.155 0.7075 9.34 3.7425 18.2425 17.405 14.65 11.2276 5.755 8.9575 3.1575 9.8125 0.2975 0.1425 4.09 4.0175 6.53 3.245 3.335 0.9925 0.32 15.2 18.3725 0.52 1.82 12.3525 0.5 0.5 17.245 9.88 2.9475 1.685 0.7875 0.17 0.9225 0.115 0.11 15.7625 1.675 1.815 1.975 2.0375 2.7825 3.845 0.485 2.6825 2.575 2.5075 4.13 1.14 1.4375 1.1975 19.755 5.085 0.1075 1.88 9.1525 0.17 1.3175 0.045 20.01 3.1475 1.41 1.36 4.715 3.7225 20.01 5.445 11.94 2.085 0.42 4.7125 0.6775 5.0225 11.5075 16.27 12.0625 16.73 6.58 2.74 8.7975 0.3725 1.455 1.495 20.01 20.01 20.01 0.2575 15.66 0.865 0.505 0.75 0.0375 0.035 20.01 20.01 12.4575 10.625 0.4775 1.6975 18.5575 18.91 20.01 20.01 4.3875 1.33 2.64 4.54 12.8025 2.6625 0.745 0.815 0.84 4.655 1.195 4.625 2.345 2.05 2.2925 20.01 6.465 16.86 17.6875 1.6125 9.7925 0.6525 1.25 9.47 10.715 5.65 1.8325 2.05 4.16 0.6725 0.2 0.175 8.525 20.01 6.405 0.3475 0.35 5.8125 20.01 20.01 11.7475 0.135 1.54 0.99 0.9925 1.335 1.7 1.68 8.35 0.295 0.2925 1.0325 0.99 0.25 2.7125 1.5125 1.245 20.01 0.1325 12.7325 2.49 9.0275 13.045 10.0075 0.2 4.6325 3.2075 1.8775 0.18 0.3875 20.01 1.555 2.625 6.9775 0.87 0.45 20.01 2.2375 2.6375 10.9275 12.4325 0.135 7.7225 17.4825 20.01 1.2425 0.33 6.8825 20.01 0.4325 0.475 20.01 5.1525 20.01 1.1225 3.345 2.03 16.205 0.2925 1.8975 1.8225 1.8775 20.01 10.56 0.5 0.785 15.695 1.085 20.01 1.58 9.6025 20.01 6.5 10.095 0.2975 2.855 20.01 0.1 4.445 3.0825 16.1675 1.1275 0.1925 7.4825 20.01 20.01 20.01 20.01 3.9475 14.2525 0.095 20.01 4.4325 20.01 2.45 2.15 2.38 0.1175 2.125 16.0025 18.3675 7.205 0.2725 7.97 20.01 20.01 11.065 3.57 0.6975 1.5175 6.5175 1.4375 0.1625 8.49 8.5125 11.13 20.01 20.01 3.7075 7.4275 1.0425 0.205 6.7175 6.345 4.1275 1.255 9.46 0.74 0.185 11.3075 3.515 1.97 2.3625 12.1625 3.3775 3.675 16.9275 7.3475 20.01 13.6025 20.01 0.6525 0.64 2.7925 1.5675 0.085 20.01 3.78 1.4925 8.9775 20.01 20.01 12.935 5.135 0.5925 15.89 11.2325 11.27 20.01 15.54 4.035 13.63 1.2375 2.7425 18.44 12.1825 1.8025 5.5425 20.01 1.47 5.14 4.6725 20.01 1.63 1.575 4.9825 19.54 1.48 1.56 20.01 0.755 0.165 6.5875 5.77 10.98 11.355 8.5 15.5075 0.0675 0.0925 11.4225 0.075 0.1025 0.18 1.41 20.01 1.6825 2.7475 0.355 0.405 3.1725 0.3325 0.375 14.4275 20.01 20.01 1.96 0.5325 2.43 15.065 0.2125 6.1425 1.2225 1.1225 1.3275 19.8675 0.6925 12.265 14.2525 0.2825 1.6275 3.85 2.4575 20.01 20.01 6.67 8.5025 4.3775 20.01 20.01 8.975 4.255 13.18 1.335 20.01 20.01 4.3525 20.01 16.4025 3.42 2.04 3.3825 5.7275 6.2 8.8 6.8925 9.4525 4.1375 20.01 20.01 7.8125 13.875 20.01 1.13 0.5925 9.7675 9.885 20.01 2.145 0.2575 20.01 6.075 19.8275 0.105 3.3775 2.6625 1.2225 1.6675 0.86 3.3825 5.985 1.775 3.0375 0.3075 4.2275 0.0575 10.7675 6.985 4.3475 0.725 0.36 0.325 2.2925 3.395 1.77 1.0425 1.52 1.245 2.0675 0.6575 19.675 6.805 20.01 11.8925 7.2175 2.0575 0.2925 5.7125 0.7925 0.59 2.71 7.235 0.765 8.6875 9.295 20.01 4.165 6.9875 10.975 20.01 2.7025 9.025 2.0025 16.985 4.2075 5.78 1.4275 0.8875 20.01 18.13 16.7725 12.6275 1.77 