RuleBasedSolver = [20.01 19.2525 7.6725 11.36 20.01 19.585 6.8075 4.665 2.245 1.61 0.98 1.01 0.705 0.94 3.0175 9.26 0.3525 8.2425 2.4275 1.08 0.9175 3.155 20.01 20.01 2.59 13.33 1.8 20.01 20.01 1.2 5.8525 0.5325 7.285 2.1225 20.01 20.01 5.2575 3.6075 1.605 10.7825 3.56 6.9575 18.055 0.77 0.495 1.8275 4.0175 0.435 0.4325 5.7825 0.2375 3.605 0.15 4.1775 1.77 0.23 8.695 1.02 1.17 1.135 1.1375 1.84 0.7025 1.605 4.2625 5.97 1.1225 3.1675 8.285 1.51 6.195 16.0375 20.01 15.9325 0.3525 3.045 1.76 9.04 2.0925 1.8925 8.275 0.345 1.3975 5.2 7.6875 3.1675 10.9 1.94 15.7875 20.01 0.54 9.685 1.7025 5.1275 1.775 2.6 16.25 20.01 6.4975 17.6625 5.7175 16.505 5.905 2.835 4.07 3.28 4.38 0.46 20.01 0.695 0.7275 8.265 14.7925 12.2225 6.6175 0.29 0.0575 5.2 4.67 4.93 0.39 5.6875 6.5775 14.18 20.01 0.3275 2.5475 1.235 0.095 11.8375 1.3675 10.4425 0.9825 1.09 1.295 5.6125 2.44 2.5525 2.635 1.5725 16.6925 1.1675 3.735 20.01 0.305 3.6825 1.72 10.86 20.01 16.1325 18.1225 4.415 1.135 6.72 1.785 0.1425 1.735 0.6125 0.4275 5.0325 4.7875 0.16 0.5925 4.11 4.815 1.395 2.9075 2.2675 3.5425 3.825 6.385 0.6675 0.435 3.375 20.01 15.7775 20.01 20.01 15.2625 9.7375 12.9425 11.4525 11.4175 5.98 6.2025 5.35 13.62 2.0475 5.93 9.765 10.9525 2.5925 18.7725 1.1575 3.8225 3.6475 15.7225 20.01 13.2625 11.365 1.68 4.34 6.6 11.1275 1.7325 1.125 9.9675 0.405 12.375 8.8325 3.68 3.0175 6.025 3.625 4.22 1.5475 0.8825 1.3525 4.9825 2.1925 10.325 15.29 17.5 17.4975 12.9125 5.7775 16.7525 12.5725 5.405 0.2875 0.5575 0.345 1.465 1.53 20.01 0.1375 4.3925 0.345 20.01 3.135 1.88 7.2625 0.2625 1.43 0.77 6.285 1.375 20.01 3.77 3.335 0.2925 9.985 0.235 12.9 0.53 0.1925 0.35 1.3875 1.5 0.6425 3.04 2.825 3.8925 0.1275 0.3225 0.5375 0.41 0.3625 11.2475 0.735 4.755 8.3875 8.005 3.545 4.26 0.61 0.265 2.15 3.14 0.1725 10.6275 5.295 2.3325 1.5925 13.6075 20.01 20.01 7.2775 16.6075 0.1925 4.0525 1.565 2.4375 7.78 2.665 1.37 0.0875 0.0625 20.01 0.28 2.6575 4.06 2.7425 4.9725 16.6475 5.0575 12.72 1.7225 1.3625 3.4475 1.2675 0.2325 2.12 2.5825 13.6025 1.15 13.745 1.3625 8.26 11.54 0.725 7.815 2.07 0.1575 0.705 2.525 20.01 16.7175 20.01 20.01 2.945 0.1825 1.7525 1.8925 1.5975 1.4875 0.145 5.8925 20.01 20.01 20.01 0.985 0.0625 1.88 4.8925 3.545 7.3825 1.6125 20.01 0.7575 4.0875 20.01 7.93 20.01 0.4275 2.7825 2.7075 2.585 2.1975 0.485 3.185 4.195 8.2425 20.01 20.01 20.01 8.02 2.2775 1.5075 0.9675 4.8975 11.5325 4.175 7.445 0.5725 11.0075 7.84 20.01 1.0425 0.2925 0.4875 1.995 5.9575 13.89 0.095 11.4075 0.68 0.62 1.85 4.73 1.105 1.8975 0.03 2.77 5.1775 0.5475 0.215 2.935 18.805 0.54 4.2025 0.28 0.6 5.005 8.0375 6.9925 2.025 1.99 0.5175 0.615 10.535 13.2875 1.755 17.625 1.3875 9.295 6.3175 1.5025 1.8475 0.845 0.94 0.6725 0.635 3.1125 6.185 10.85 11.86 20.01 9.345 2.495 0.94 13.44 20.01 7.7825 6.5575 0.625 0.71 6.5425 1.065 2.385 0.405 2.01 0.235 9.7475 0.2775 2.315 0.355 0.6175 9.3175 1.825 2.335 2.19 0.4275 3.96 0.7225 2.755 0.105 0.2875 2.0225 20.01 1.1275 20.01 17.245 1.41 0.855 0.12 0.205 0.375 4.8925 11.5925 6.7125 3.895 4.61 11.2975 8.635 20.01 12.945 0.5475 0.975 4.195 1.24 4.9225 4.9825 3.695 0.4775 6.335 0.12 3.4 10.42 5.2175 11.435 0.2025 3.6375 3.0525 4.8575 5.8875 11.9525 5.8475 1.4725 2.2325 14.7825 14.5775 3.425 20.01 3.1975 0.1025 4.9125 3.5925 5.0125 5.96 2.06 2.5825 1.5325 0.715 8.0275 20.01 1.185 1.78 0.53 7.1325 1.3225 5.425 1.77 16.8025 1.18 1.21 0.52 0.605 1.06 0.2325 0.385 6.2325 19.635 20.01 1.7025 0.39 7.6725 1.35 0.2675 0.0775 6.29 20.01 2.2375 2.0875 3.335 7.1 1.47 4.8525 0.815 11.6475 1.7125 6.4975 0.795 0.78 3.145 0.9875 15.5775 0.035 6.56 1.1675 3.13 0.1475 0.08 10.565 16.9425 7.845 3.965 20.01 20.01 1.375 5.9225 2.7125 1.8925 2.56 2.2275 0.75 0.5625 8.315 5.8675 5.3275 0.5625 3.975 4.8375 0.2975 14.24 1.4125 2.005 4.545 7.4825 4.2125 1.4 1.1625 17.8075 20.01 0.6425 1.9725 3.0875 0.4475 1.64 0.59 0.3125 5.8075 2.8 2.7925 0.2325 0.33 0.335 0.295 5.805 4.3375 0.33 7.39 0.145 1.6575 3.0875 5.945 20.01 7.4175 6.185 0.675 20.01 0.275 0.1925 11.3275 17.0675 1.19 2.9525 2.88 7.225 2.205 4.16 0.93 0.83 18.3725 13.7225 0.2275 1.6025 8.5925 10.5725 4.22 20.01 17.86 20.01 4.03 0.4975 3.47 6.4525 1.74 3.7875 2.2525 20.01 0.3 20.01 5.0825 1.565 0.25 20.01 0.365 0.21 0.315 9.06 20.01 2.695 2.3425 2.345 13.4 20.01 10.96 7.625 9.995 19.86 19 11.5775 3.6275 8.63 12.1825 20.01 3.2 4.315 0.4125 0.23 3.23 10.96 1.8925 0.74 5.6675 12.315 0.21 8.275 6.92 20.01 20.01 20.01 15.5425 1.03 0.22 1.01 0.8375 19.66 2.08 2.8525 20.01 15.68 6.45 17.89 13.555 0.6825 1.2475 0.485 0.16 1.6725 20.01 4.545 17.24 3.2375 13.35 6.5075 4.535 5.0575 4.78 4.935 2.44 0.3575 2.3475 1.6925 0.37 1.2425 1.6825 6.2125 20.01 4.1775 12.55 0.095 20.01 1.9675 0.135 4.2 10.195 0.4 9.775 11.645 1.1575 4.3275 0.465 2.42 0.245 5.9825 12.535 2.77 19.315 9.0375 1.7375 2.5175 7.9275 14.3775 1.0575 4.105 0.28 3.585 0.535 1.095 20.01 8.9375 4.4525 0.2775 0.275 0.1075 20.01 15.3375 1.78 1.7775 5.995 6.045 0.785 3.8275 20.01 1.5425 1.375 1.105 0.37 0.89 5.6475 11.055 2.265 0.7575 0.6025 0.6275 1.2525 2.7025 0.3625 16.33 2.06 20.01 20.01 2.805 1.4825 1.6175 5.6875 3.3875 7.6225 2.5825 0.0725 1.1025 2.6375 18.8675 5.6325 5.7125 6.6225 5.4475 2.44 20.01 17.9375 17.1775 7.4275 7.7875 7.52 20.01 2.1275 13.63 10.3325 0.1 5.63 12.815 0.205 13.925 15.455 0.19 2.185 1.02 6.18 13.75 5.5 0.4275 1.49 19.325 7.195 3.675 7.185 0.9775 5.67 7.4625 4.45 7.03 0.7775 20.01 20.01 0.33 16.6175 1.8975 6.89 4.5975 2.9625 20.01 10.705 15.0725 0.295 7.735 0.965 18.2175 0.45 2.7375 13.5575 1.14 2.5475 20.01 2.6075 3.87 4.5475 3.95 1.345 12.145 20.01 0.475 1.125 1.165 0.8025 1.145 8.0875 20.01 20.01 1.935 1.2875 0.225 1.785 0.715 0.5 0.7175 15.25 1.875 1.9775 1.495 0.1725 1.73 5.6925 3.35 20.01 20.01 0.855 4.05 3.6375 20.01 0.9775 0.44 16.98 6.795 4.425 6.745 0.465 1.0225 20.01 20.01 20.01 5.75 6.8075 1.34 18.3725 0.46 20.01 14.1375 0.725 0.7525 2.18 1.18 20.01 0.9425 1.16 0.4675 1.6725 2.4025 11.3325 0.385 0.8475 2.8725 5.6825 8.5075 20.01 2.485 20.01 1.885 20.01 1.8125 1.1675 0.415 1.685 0.1375 1.65 2.6575 0.8175 2.02 1.635 2.2575 0.9975 10.025 20.01 20.01 0.28 0.725 0.515 2.73 0.73 1.145 5.3525 5.31 0.7875 2.8425 2.24 15.1825 8.715 2.715 4.2025 0.3325 10.625 9.08 0.0475 13.3225 1.265 2.63 1.9075 1.805 16.22 17.0375 1.1125 1.815 16.4675 1.335 5.31 20.01 2.3075 1.65 8.3275 1.5875 0.5075 9.715 5.2975 5.685 0.425 0.2925 20.01 2.355 3.945 0.5975 1.7275 0.25 0.3975 18.3775 0.6425 2.97 2.5275 20.01 4.065 0.3125 2.23 0.705 0.57 0.3475 0.34 5.1725 0.8625 20.01 3.0875 5.5 1.375 20.01 20.01 0.085 1.0375 2.285 4.9625 0.1625 20.01 0.1575 0.72 5.6175 1.5625 16.4975 5.7525 18.4675 7.66 1.8325 0.2825 20.01 8.715 0.69 0.9475 0.905 0.315 2.225 14.01 10.7275 0.695 4.845 0.23 0.4975 20.01 0.2625 11.645 6.1425 3.95 5.0625 7.9825 0.4 5.5275 5.505 8.19 17.835 6.9825 0.44 0.4625 0.265 20.01 3.5125 0.64 20.01 0.66 1.11 1.1675 0.8675 1.225 10.335 20.01 1.27 8.155 0.305 1.985 0.905 0.3475 3.8 0.75 3.0775 6.255 2.62 3.205 2.635 13.31 9.0375 1.7225 0.4575 0.6775 1.5675 2.035 2.7325 1.0725 10.9975 20.01 9.4225 7.9 2.695 2.7675 20.01 4.845 10.35 0.495 1.8475 6.455 4.02 2.7975 13.6725 20.01 0.89 0.565 0.605 0.615 0.4725 8.3275 12.795 20.01 16.185 15.2025 14.015 8.1425 7.6975 14.4425 14.12 12.3425 20.01 13.095 15.2525 3.025 20.01 7.825 20.01 0.735 20.01 0.3025 11.1575 3.81 0.8675 1.845 20.01 20.01 1.23 11.94 9.1025 20.01 2.245 8.745 0.115 3.2775 0.5875 2.3725 18.8575 20.01 2.2825 5.77 0.3475 1.3375 0.425 1.4125 0.6125 4.5 0.8825 0.83 11.885 9.655 16.1075 7.335 0.145 3.6175 1.7325 12.4325 20.01 3.9925 0.9775 1.4175 20.01 8.8975 12.1325 1.0475 2.05 2.37 0.13 0.2125 3.8125 1.9525 1.4875 0.325 9.165 20.01 9.505 3.32 4.88 1.195 1.1825 0.61 1.1875 20.01 13.4625 1.1575 2.3775 2.4175 19.635 0.9175 0.22 0.24 0.395 1.15 5.8475 0.26 0.5425 0.485 0.8925 9.71 0.305 4.9225 14.7625 8.4125 1.6975 20.01 3.6825 0.1625 0.9175 6.97 20.01 7.65 4.6625 3.3375 4.01 5.8325 0.4625 0.4825 18.8275 0.515 0.515 0.4475 0.365 1.3675 0.61 9.38 5.7775 5.5175 2.12 5.8225 2.9475 17.7375 18.2975 1.54 14.625 6.6775 14.17 0.1925 1.1 2.38 0.11 0.7425 