RuleBasedSolver = [5.515 2.8275 5.7775 0.175 10.325 0.0625 1.3875 0.4175 0.6875 1.2825 1.355 1.265 3.7 0.025 0.1525 1.7025 2.66 20.01 0.8275 1.1825 0.4925 0.11 7.5875 4.0125 6.33 15.3075 8.43 0.7625 0.37 1.6275 0.25 3.78 3.78 6.535 1.19 2.0975 4.4575 20.01 18.6 0.1625 5.27 20.01 3.72 16.685 3.875 0.5225 5.295 5.2825 9.25 0.6725 5.9625 20.01 18.0425 0.1475 20.01 2.3 2.8125 0.845 20.01 3.355 0.8775 0.785 13.895 7.25 0.0825 0.225 0.4825 3.4075 4.6425 4.24 4.145 4.15 3.63 0.6625 1.74 0.4925 3.16 4.9025 20.01 1.655 6.085 13.6075 1.5025 12.1275 11.205 2.8975 4.1575 0.615 0.7925 4.075 20.01 2.9625 15.165 20.01 3.545 1.8975 18.125 8.795 2.49 0.855 5.5275 8.795 2.3375 2.1075 5.34 1.6675 0.6925 1.13 8.475 9.0775 9.045 5.5725 4.4475 8.99 0.97 3.525 2.135 0.1275 4.5975 5.0525 0.2025 1.76 1.8625 20.01 3.36 2.3125 2.18 1.2025 16.59 0.495 3.9375 13.2775 5.57 20.01 14.8375 10.905 9.1075 16.045 0.4175 0.665 1.9825 13.1475 5.7475 8.1225 1.2675 3.38 5.455 0.07 1.985 2.5625 17.6275 0.425 20.01 1.5875 12.21 1.11 3.5525 10.51 2.2825 4.45 6.2375 7.4325 3.5875 20.01 5.0925 4.28 1.3775 0.6775 2.045 5.7275 5.3475 1.3675 20.01 6.5725 2.4925 1.8475 0.8075 0.5125 1.2325 1.08 3.075 7.1225 8.5 16.99 6.745 0.8 0.425 9.9 0.4075 1.5325 5.625 7.495 10.47 7.1525 0.6225 15.61 0.4575 8.8625 1.2775 1.245 0.9825 3.6125 13.005 9.005 2.3575 3.4725 1.0475 20.01 14.21 13.55 20.01 12.2675 8.185 1.0825 2.2975 10.14 4.985 1.4475 1.075 0.8075 2.7475 2.8975 3.3625 13.995 6.45 3.3875 2.6725 3.3525 2.015 1.835 6.12 0.53 0.635 1.8575 1.825 1.15 8.7525 11.7025 0.3 0.9725 1.83 4.5375 8.475 1.505 2.64 17.87 20.01 1.8 1.945 20.01 2.685 16.745 2.1425 0.6725 0.0225 1.8075 1.9325 0.715 1.47 11.5175 8.205 5.2075 20.01 9.415 2.215 6.3525 20.01 0.38 0.35 4.6625 17.87 7.2275 7.2325 15.74 15.2225 10.365 16.3825 1.6275 0.1775 5.2925 4.8675 3.4075 12.9375 11.93 2.2975 10.1575 6.4 5.065 10.475 0.6325 3.9675 17.94 1.8825 2.62 5.5575 1.435 3.2875 1.885 1.1625 1.49 19.6675 0.1225 2.675 1.65 20.01 0.1875 1.24 0.74 1.8925 7.0475 5.7925 1.695 0.925 0.9225 4.76 2.7075 1.59 3.0825 18.115 2.5725 20.01 0.4225 0.855 5.57 0.39 2.7325 1.25 1.89 2.9375 9.16 0.0875 5.5675 1.2525 12.5625 15.77 1.175 1.4975 1.59 10.145 3.9025 7.815 5.3775 11.4225 20.01 11.725 6.4525 0.65 0.6 20.01 20.01 2.1825 0.4175 0.2675 20.01 20.01 4.7675 11.075 6.41 0.695 3.76 1.9375 7.915 1.455 1.3425 1.0175 0.815 0.345 4.31 20.01 11.51 1.11 11.955 1.165 5.1475 0.6075 20.01 20.01 20.01 1.7525 0.21 0.2075 0.2175 0.335 1.0475 18.015 20.01 0.495 0.9875 14.875 0.105 4.675 20.01 4.625 0.6775 2.4725 1.3625 3.435 20.01 12.3975 4.0275 7.0175 0.585 1.95 0.9375 1.3725 0.1725 13.41 13.89 20.01 1.6625 14.42 12.905 1.0375 8.125 19.805 2.7225 2.6325 5.915 0.64 0.25 3.3425 0.64 20.01 3.215 0.13 4.79 1.655 2.1075 1.85 2.1275 0.0375 13.1875 1.33 0.72 10.0525 0.685 2.7825 4.27 1.3775 1.7825 15.785 0.345 2.3775 20.01 0.0725 1.3875 17.205 15.9675 20.01 20.01 0.41 5.14 1.28 4.23 1.6325 5.875 5.21 0.8725 0.605 6.17 0.955 0.4925 0.48 0.1 0.15 1.4775 0.1775 1.2175 3.88 1.41 6.4675 1.9175 2.905 20.01 4.1525 1.8175 1.925 3.01 2.6125 10.19 19.775 9.2575 3.2875 1.6 3.655 1.2575 19 6.8775 18.6525 0.1575 20.01 10.5125 2.095 2.615 2.085 6.9525 0.56 1.54 20.01 0.7775 16.655 16.145 0.5725 0.115 0.1575 2.47 6.2825 0.43 0.43 12.7275 7.215 0.185 8.7925 7.12 5.7725 7.07 2.645 14.1625 5.4475 1.3025 9.3375 0.9475 2.615 0.9425 6.6275 20.01 7.435 10.87 7.445 20.01 12.535 3.04 14.365 2.685 1.635 15.465 0.3575 1.965 1.075 20.01 11.0875 14.0825 4.475 2.4275 2.685 15.485 19.1825 13.97 3.875 1.565 3.575 20.01 20.01 10.18 17.6075 0.45 0.78 20.01 1.465 0.9825 8.7075 7.7525 17.265 6.2425 1.155 2.305 16.6225 13.2825 3.765 2.63 5.925 2.375 1.635 1.67 15.785 11.06 2.7025 5.125 0.63 0.6225 0.8125 4.66 0.135 3.23 4.7025 4.945 3.1925 1.695 1.69 20.01 0.88 1.0675 3.43 0.0825 2.42 8.9225 0.185 20.01 16.9725 5.97 1.1 0.7925 20.01 1.3275 1.6075 20.01 3.725 19.005 3.545 20.01 4.55 18.5225 8.5 2.9075 1.185 1.17 5.7775 1.325 3.355 2.4925 1.535 1.505 1.835 12.3425 7.335 4.63 3.2625 2.08 1.55 6.4225 4.77 3.73 0.5625 5.37 1.8675 5.355 2.15 0.1025 0.4175 4.3325 0.335 2.2575 8.9275 0.7775 1.395 1.4225 4.1575 6.71 3.4 0.26 0.3575 1.1075 0.955 7.1625 12.29 13.7325 7.375 3.405 12.24 0.4 9.4875 0.9125 2.73 1.82 8.5625 0.9125 8.385 18.765 4.86 5.3325 18.83 4.22 20.01 16.045 17.77 0.155 0.3475 20.01 0.1325 4.65 5.8 20.01 10.775 20.01 2.2725 1.075 8.615 4.5425 9.565 0.8025 1.245 1.9 2.0425 20.01 1.075 3.4975 4.0975 11.2275 0.135 0.375 0.37 13.185 9.2725 0.16 0.53 3.0625 4.7775 0.5625 6.5875 20.01 2.365 14.09 2.0525 5.7125 9.0375 10.0875 9.2975 11.2525 3.775 0.4875 0.35 0.6 19.4875 8.255 14.4075 1.5075 7.845 19.3875 5.435 7.3875 0.385 12.1725 1.8075 5.0025 7 20.01 2.7425 8.6675 10.62 9.9825 10.6475 6.9175 7.31 2.4275 9.9875 8.9125 10.78 0.435 1.4675 7.14 4.755 3.195 2.88 0.1275 10.5 5.2275 1.2625 0.115 13.48 17.235 4.165 17.725 6.0725 14.545 17.28 2.1175 13.1175 0.09 0.8775 0.7075 0.265 0.475 1.7325 6.3675 4.8225 10.0275 20.01 10.93 0.2525 0.2525 2.26 5.535 12.445 3.17 0.655 1.53 9.625 9.1875 15.3475 6.7225 3.0475 3.8875 0.21 0.5975 11.7625 0.3475 0.8 0.3875 0.39 0.9725 0.4725 1.255 0.47 5.975 1.6325 13.95 1.99 20.01 0.2575 0.26 11.275 8.0375 14.95 6.72 16.6475 19.835 4.6175 0.225 8.165 1.755 15.385 20.01 12.6375 0.68 4.05 5.0875 20.01 0.0675 4.68 1.18 1.2875 1.4225 1.915 20.01 13.91 7.13 9.8275 0.5475 5.1975 3.235 20.01 0.565 9.59 9.45 1.5475 8.3125 15.4175 0.2125 11.3025 9.1525 15.6175 0.4175 20.01 20.01 20.01 5.985 1.0475 5.34 3.455 13.71 5.785 4.4475 0.74 6.3425 17.4425 1.075 20.01 20.01 18.025 10.9325 1.2325 6.425 20.01 8.6475 1.71 1.495 9.5675 2.67 2.7325 9.3975 2.18 0.18 0.57 8.9025 1.45 2.5475 2.1175 0.925 19.3575 2.87 12.5475 0.155 0.455 0.46 0.535 0.405 16.16 19.29 0.22 1.9325 5.7675 2.6275 10.0775 3.7825 4.085 6.0225 10.3425 17.55 3.7975 2.545 4.1 20.01 20.01 2.815 17.585 19.0625 1.3825 4.6975 0.445 0.525 0.455 0.39 0.53 0.805 0.275 4.04 3.51 4.3075 1.2725 4.4225 1.0075 10.5375 6.905 20.01 12.105 3.415 10.93 0.96 0.46 0.3125 0.87 2.545 11.575 7.6025 1.455 1.7875 0.2175 6.8025 0.9675 2.3475 0.86 9.3225 20.01 20.01 18.7725 20.01 10.725 0.62 0.63 1.385 0.3675 20.01 2.1425 1.14 1.1 8.8525 20.01 0.6025 13.6975 4.9075 0.085 1.6 0.66 2.075 9.2075 8.29 7.68 2.13 13.01 5.0725 2.165 6.27 2.2475 2.225 2.09 6.7575 0.65 0.895 11.795 20.01 4.9525 0.755 10.075 6.8025 3.245 9.0425 19.025 13.195 5.02 6.76 4.14 4.765 8.44 7.6225 9.605 7.8225 9.6625 20.01 1.0475 2.4575 8.835 2.635 12.135 1.5725 4.605 10.7225 1.415 1.3475 14.745 20.01 5.59 0.45 2.395 0.8425 8.735 3.0525 0.5525 2.4425 11.5275 0.065 10.265 0.265 20.01 12.295 12.37 8.3575 10.8425 3.4975 2.055 3.0775 20.01 20.01 4.0025 4.4675 1.2325 10.1475 0.2225 12.1025 1.8975 0.2525 0.21 0.395 0.935 2.69 0.195 2.7625 2.5125 0.7075 2.485 4.0125 12.1725 1.8825 0.94 1.415 1.345 15.5575 0.18 4.8625 0.8575 2.235 0.64 0.4425 1.45 2.28 2.6775 16.42 6.13 13.1175 20.01 13.9275 19.4425 0.77 0.11 12.0725 0.425 3.5775 13.9475 13.6225 5.9325 0.4075 0.335 14.97 8.8775 1.3025 0.895 0.7225 3.585 0.4775 1.025 7.95 4.86 0.34 1.285 1.725 11.73 10.7125 9.305 3.1475 10.0575 3.23 12.615 20.01 1.26 8.4625 20.01 6.30545 0.8125 2.6075 2.485 20.01 1.1325 4.2175 0.675 1.24 3.0875 3.1875 0.5775 7.99 20.01 0.535 0.5375 17.7268 8.4525 6.07667 7.89 0.1325 2.035 0.1975 4.085 4.38 3.8 3.1325 4.2875 7.15 0.3975 0.18 4.5625 9.16 5.4825 4.51955 0.4475 20.01 3.4575 20.01 0.545 0.6 0.2075 2.955 2.5425 0.2875 0.8875 11.01 0.995 7.665 0.54 0.455 1.835 7.9 5.1775 5.9875 2.095 1.67 5.87 0.26 10.3625 12.4875 7.5025 2.815 2.8975 6.5925 14.6025 20.01 1.7675 2.555 5.6075 4.6925 2.5525 3.385 18.065 0.5175 4.16 2.155 1.2825 4.8025 20.01 8.5925 15.995 1.0225 1.495 0.29 0.235 8.315 11.5825 2.9525 3.2975 2.2975 2.8075 20.01 1.5325 1.92 5.155 1.4325 1.95 12.155 4.8425 13.675 1.6925 2.97 1.07 0.8175 0.32 1.49 1.47 1.255 2.075 0.0625 20.01 20.01 0.945 7.1725 1.3875 1.7025 1.03 2.115 1.3225 7.7275 0.1525 1.4875 7.685 1.4475 7.085 4.785 4.155 0.1725 1.19 20.01 5.945 19.525 20.01 20.01 6.725 3.0175 6.1725 8.0225 0.975 6.0825 11.54 13.675 0.1275 