RuleBasedSolver = [10.3625 0.135 2.2575 2.055 15.05 0.78 17.7325 4.6425 1.6925 0.25 2.32 13.32 0.75 1.5 10.0075 8.8775 0.245 0.225 0.2475 0.225 9.4675 17.7225 6.3625 1.9825 2.975 2.465 2.115 2.5525 0.21 0.325 14.655 0.7975 19.015 10.255 3.85 5.8825 0.51 4.2525 4.7625 5.4675 4.7375 4.175 4.9375 3.7175 1.7925 20.01 6.19 4.3 2.545 14.5825 4.0075 5.9675 1.62 0.05 4.8725 0.7825 2.3175 0.2925 0.685 7.2475 9.135 3.41 6.92 3.9475 9.4525 16.8875 12.58 12.605 0.665 7.9475 19.105 1.4175 2.6875 7.45 15.5025 14.82 4.175 20.01 4.195 2.2125 0.75 5.62 2.6675 15.695 11.6625 17.4825 1.52 4.69 0.28 0.325 0.1725 12.185 7.3475 5.1425 3.81 0.44 4.9825 8.9 3.5975 11.3875 2 3.48 3.72 0.0625 2.425 3.5525 3.39 2.58 1.17 4.5675 2.1275 2.455 0.555 1.515 0.3525 0.32 15.215 5.54 4.885 4 1.82 2.4675 20.01 0.1925 1.2325 0.5375 1.8425 0.9075 4.95 3.0075 20.01 7.3375 5.6075 6.1475 0.9075 0.48 0.9775 0.9925 1.485 0.43 0.865 1.6925 1.6925 0.5675 5.3575 10.1675 4.165 4.1275 8.2325 10.3125 14.325 3.9875 16.1375 0.1975 7.0875 1.2275 3.435 14.855 2.145 4.8 4.8675 6.5025 1.7425 6.285 9.2525 2.4625 0.5025 20.01 20.01 6.145 5.98 9.6175 3.66 1.5125 2.2575 1.31 9.1625 1.8425 1.27 1.445 0.13 20.01 15.9 1.495 4.0125 3.385 2.025 20.01 14.765 20.01 12.085 0.845 2.8525 2.54 6.7675 20.01 2.0575 1.4975 0.665 7.845 1.89 12.455 1.755 1.245 3.6025 18.135 4.54 13.6175 1.09 0.1225 0.905 2.2525 5.915 1.1725 0.3675 0.59 5.2425 2.57 7.715 10.54 2.095 0.29 5.3475 1.14 1.095 0.1525 0.165 20.01 9.6675 13.075 3.25 0.545 5.4875 5.395 0.8825 19.7225 9.125 8.47 1.2375 2.795 0.78 2.31 6.785 7.7375 0.36 0.955 8.59 1.65 0.38 7.485 1.2075 1.2775 15.915 3.9775 1.3 8.395 16.88 1.74 0.74 15.445 20.01 2.16 1.16 20.01 20.01 0.415 15.2675 2.0875 7.29 13.795 14.13 14.3325 20.01 20.01 9.33 5.22 3.0025 1.0825 0.895 0.9125 5.155 0.4625 16.3175 9.8175 20.01 3.8425 17.8925 14.2575 0.24 0.2425 1.685 1.4925 1.9925 19.5275 8.935 8.48 3.895 8.3125 2.9025 5.4625 20.01 4.3725 4.2425 17.63 3.64 0.975 3.39 0.35 1.0875 9.175 8.9375 4.0275 2.3975 0.1775 0.1925 2.3975 1.9625 0.1 6.32 6.12 5.1275 0.28 0.965 19.6925 2.54 0.09 6.805 3.6275 16.58 1.8925 5.42 3.5525 1.73 0.9925 10.2775 7.3125 1.815 3.6575 2.0325 5.125 4.3025 2.0875 2.535 5.59 10.1175 4.775 4.9625 1.16 1.14 16.3725 0.04 0.04 0.06 4.02 6.165 4.68 0.71 0.8925 0.2225 1.3825 12.48 4.7825 1.655 1.4725 0.2875 0.5 0.1625 1.8375 6.3075 4.4775 12.1725 3.8725 11.89 2.6875 14.2525 3.22 8.2675 6.8375 5.775 7.42 20.01 20.01 0.9625 6.605 13.8 6.8275 6.2225 12.54 3.39 20.01 1.455 1.4425 0.5725 5.5975 3.0525 3.635 7.96 3.4625 16.9425 0.7575 0.5625 0.47 16.48 2.0375 15.8275 2.0025 0.69 0.2275 0.2975 2.95 7.4625 2.5375 12.765 2.0525 2.695 0.3 17.54 12.4025 0.9275 19.575 15.71 20.01 4.99 4.6525 4.445 3.91 0.24 1.6575 0.5125 1.6975 1.4675 8.765 8.5075 8.615 13.5775 0.685 1.9375 0.1 0.0975 0.1 0.0975 0.6325 5.06 0.3125 0.255 6.45 5.21 3.27 0.085 0.0675 4.0825 4.605 0.5275 0.625 12.0275 0.4075 4.4 1.765 0.6725 0.49 20.01 0.395 16.3525 7.335 4.1675 1.66 20.01 0.0975 10.92 2.84 4.0775 0.96 2.985 0.97 1.25 5.8475 5.4325 0.75 19.3175 1.85 7.5825 0.7575 20.01 20.01 1.7175 1.4975 0.63 6.385 1.9325 13.405 4.1325 20.01 6.8625 0.3 2.5925 0.2975 6.035 13.3425 20.01 9.105 13.4525 20.01 0.4125 3.4525 19.69 1.93 4.7325 5.2475 2.54 2.8225 3.55 0.42 1.6475 3.295 0.035 20.01 10.8925 18.315 16.64 15.5375 0.9075 3.075 17.5625 0.74 0.465 0.45 20.01 2.1525 20.01 12.4025 17.155 20.01 1.23 8.12 0.5125 0.45 1.3625 1.4525 0.19 3.2325 1.895 0.185 1.55 20.01 20.01 8.05 9.2325 3.4375 20.01 0.2875 0.225 0.185 0.5725 0.5325 1.8625 8.4075 8.29 16.6725 1.2975 0.725 0.05 4.1075 20.01 0.685 1.6725 0.2025 0.185 0.185 20.01 4.3025 1.6625 2.4175 3.1975 1.5625 2.59 1.6075 1.4375 3.665 3.245 3.555 0.685 0.8725 0.145 0.1425 0.13 2.865 11.2725 0.42 1.35 7.6325 0.18 4.1975 0.18 9.1175 0.6225 20.01 0.5 10.3575 17.875 0.19 0.365 0.2 0.2 5.4925 9.8075 9.7375 1.23 4.49 0.0975 0.9975 2.1625 16.8975 20.01 5.885 0.72 0.98 0.7825 1.0275 0.4125 0.7775 2.3875 20.01 0.7075 20.01 0.2625 0.085 0.0975 2.7975 20.01 2.22 4.2325 0.145 0.5275 1.715 9.85 7.5075 0.2525 5.74 20.01 16.1675 0.2875 1.52 0.7375 13.7575 3.7475 15.3175 1.2375 0.8375 3.0475 4.43 13.085 7.7875 11.365 1.7175 1.72 1.1675 18.745 4.9675 1.1775 1.89 1.2 3.5425 0.1975 5.95 0.2375 6.9775 11.485 0.6 1.15 11.535 14.9975 12.975 1.0825 0.31 20.01 0.655 5.1075 0.3775 0.73 4.4825 19.3025 5.5675 2.59 4.3525 0.27 4.0075 7.1275 0.9825 2.1225 0.78 4.925 0.685 0.14 18.8225 1.7475 1.4 11.84 8.19 20 4.51 1.505 3.2825 4.7575 4.8 1.3825 20.01 10.9325 0.505 0.2175 0.6 0.205 0.4925 3.7975 1.5275 11.44 9.7325 18.03 20.01 3.9625 14.6575 20.01 9.145 1.965 13.6675 1.305 20.01 1.0725 3.9 2.9175 0.0775 20.01 0.825 2.1975 8.5925 4.8225 1.6475 10.795 12.505 8.9225 6.7175 3.73 1.6075 8.235 4.0225 2.72 0.59 5.19 2.845 9.395 6.8175 1.58 0.6575 9.6 1.7925 5.285 1.4925 8.245 4.6375 4.39 1.135 9.2475 1.54 1.0275 0.2125 0.4625 1.9625 3.1 0.9975 0.5475 2.035 0.7825 0.8275 2.6075 8.5725 20.01 0.1325 1.2325 20.01 20.01 2.345 5.7125 0.6625 0.6625 2.495 7.58 3.5375 0.5925 19.3875 13.495 0.7275 5.5475 4.795 6.575 20.01 0.2225 15.195 15.2725 4.8375 5.8425 19.8 7.205 1.435 0.4725 5.935 0.54 0.0275 0.1875 0.1875 3.1075 0.1025 1.695 3.9675 0.225 2.1625 4.285 1.685 1.045 2.3925 3.685 1.3125 2.6 6.83 10.75 2.8975 6.53 0.205 11.3525 3.7575 2.8325 1.53 2.3475 0.3275 8.175 18.7925 2.9425 2.5825 20.01 0.1425 17.085 20.01 0.415 4.4125 4.23 14.1575 11.1975 9.885 0.37 20.01 20.01 1.835 2.8075 0.455 0.4525 5.7225 4.98 20.01 0.0725 0.815 2.49 2.49 3.8075 9.2175 1.77 18.4625 7.1425 6.095 8.945 0.8175 19.54 3.2825 20.01 5.3825 3.215 0.4525 9.9125 11.5525 7.65 20.01 19.6975 17.77 0.17 0.2125 0.235 0.1625 8.735 13.7775 20.01 4.1025 0.615 13.19 1.355 3.2725 17.9075 0.08 9.065 0.2425 0.2975 0.8375 1.8375 1.16 10.315 20.01 14.04 5.42 1.735 4.2425 4.055 8.5125 0.225 7.0625 2.015 1.96 15.4575 20.01 3.8525 4.9775 3.975 3.34 4.57 3.4575 3.4425 3.21 3.415 0.41 0.3975 0.3975 10.555 4.8425 16.46 12.7675 9.9075 0.1 2.755 2.2875 10.205 0.1975 4.4325 0.97 0.71 2.73 9.71 7.2225 3.095 14.475 14.535 4.9425 0.55 19.5825 3.0775 1.345 0.4 2.49 3.615 1.24 1.085 16.3725 17.2525 20.01 20.01 5.5325 7.2425 2.35 2.2575 2.9275 3.62 0.125 10.3 0.63 10.2475 5.07 1.375 17.845 1.8425 3.94 0.6125 0.0675 0.3125 9.825 19.845 12.0775 2.7775 7.5425 1.5975 20.01 20.01 19.7575 20.01 2.92 6.3275 20.01 2.82 8.94 20.01 8.22 4.5575 0.0725 0.1375 10.4325 20.01 1.0075 7.1225 0.535 15.02 1.07 4.64 0.44 0.505 20.01 1.735 7.135 6.715 7.635 0.335 3.215 3.9275 2.4325 1.6275 0.165 8.48 1.0575 3.5025 3.8925 1.03 10.75 0.36 9.35 2.3575 5.9175 2.0125 3.635 2.54 1.44 0.1925 0.2425 0.945 1.115 8.9375 1.0025 0.7025 1.8175 20.01 5.505 6.145 0.7975 5.4025 3.9275 20.01 0.9125 9.37 15.335 7.48 5.2175 15.8625 1.58 1.48 1.9275 3.165 0.845 1.2425 0.13 9.4475 6.4725 1.11 0.7825 0.155 0.6175 0.54 12.44 0.505 20.01 14.0125 5.9775 0.675 1.145 20.01 7.455 3.74 6.8625 4.6825 20.01 0.49 3.1725 6.0825 0.825 0.3325 0.3225 3.5625 0.8775 6.4525 20.01 10.8475 6.135 13.2575 6.8975 4.0325 0.4225 0.6725 12.8125 9.965 6.0475 7.825 1.125 12.3275 12.605 1.3575 2.1675 6.87 1.4775 20.01 7.225 0.4475 4.17 20.01 20.01 4.73 20.01 1.3075 2.3675 1.4125 1.0025 11.1525 0.1375 0.175 7.925 0.9275 0.8725 2.7425 4.48 20.01 20.01 5.0125 20.01 0.2625 0.2275 0.205 0.42 0.3125 0.3275 1.435 0.7025 2.2375 10.2425 0.845 0.9325 0.17 14.27 20.01 20.01 20.01 20.01 19.665 3.225 0.1925 4.305 2.46 8.64 0.3725 8.14 2.5275 1.9425 5.115 0.56 0.98 3.0275 2.89 0.8575 3.945 14.0575 1.3325 2.535 1.8675 2.2275 2.05 20.01 20.01 4.6 20.01 0.2525 1.3875 1.1025 3.7875 0.4775 0.2025 2.21 0.54 20.01 13.06 2.4425 0.59 1.695 15.4975 0.405 20.01 3.735 4.96 0.7525 0.0825 0.1875 20.01 16.0775 5.7025 2.2275 9.525 3.3875 4.095 20.01 3.8825 3.615 20.01 4.6775 6.1375 20.01 0.3675 1.5925 1.5825 0.2725 0.0575 20.01 6.245 13.91 20.01 18.6975 1.815 4.94 20.01 0.225 0.95 3.0675 3.03 17.455 0.48 1.4325 20.01 0.17 6.33 2.0575 20.01 7.255 7.1425 10.005 0.3525 0.4125 0.48 12.4575 0.4875 5.9475 7.47 7.0625 5.7125 4.2825 1.05 0.41 20.01 20.01 2.075 16.0825 9.815 6.6025 13.1 19.305 