RuleBasedSolver = [4.7775 5.165 0.12 20.01 3.495 1.425 1.515 3.7925 2.09 0.42 4.1375 1.8975 0.57 2.855 1.6625 1.3725 1.27 1.6075 0.7975 2.1725 2.16 0.9025 0.8875 1.99 20.01 1.195 3.2175 14.075 3.0325 1.5275 1.775 1.9575 15.205 7.9 7.425 9.4925 2.1725 5.3 2.5 12.0575 8.2775 2.36 1.34 0.91 2.985 5.975 5.0525 10.085 2.63 4.7475 1.39 4.0375 20.01 1.18 1.0475 15.9 1.55 1.905 0.6775 13.555 15.19 2.495 9.4925 2.495 3.66 17.0625 2.8025 1.8775 2.415 5.9225 20.01 19.87 10.03 9.365 0.12 0.1175 6.025 15.445 10.1325 11.15 1.635 0.9625 0.84 6.2375 4.02 1.63 8.31 5.51 0.7 20.01 0.9 0.7525 5.8675 0.555 0.3625 19.6325 6.175 5.7325 3.26 0.45 4.98 1.2725 0.2725 20.01 20.01 15.3575 2.8625 6.025 6.75 1.7625 12.355 0.34 0.915 0.2275 17.0475 17.2975 0.8975 0.6025 2.47 0.9875 17.6875 0.24 1.5125 2.9575 18.2075 2.4325 20.01 20.01 4.1775 10.065 4.4925 7.95 1.445 1.84 3.4 5.175 19.465 20.01 4.775 2.295 0.72 1.05 2.4675 2.395 2.06 1.305 1.725 1.285 20.01 0.8625 2.79 4.18 0.21 0.2325 13.0225 0.0875 7.5575 0.3775 0.3775 0.75 1.42 13.9875 2.1025 1.7425 8.3925 0.375 0.3225 2.2425 8.11 1.8725 0.1 1.9475 1.795 3.5475 4.245 0.7525 4.56 1.465 1.195 10.365 4.145 11.6425 7.68 1.24 0.5375 16.885 1.3 2.38 3.39 4.13 4.2675 5.4375 3.715 4.02 1.1775 4.415 2.15 1.775 20.01 1.2 14.5325 18.79 20.01 20.01 18.5625 5.49 0.7625 2.4825 8.7225 0.4725 14.82 0.055 0.4175 2.5875 0.8375 2.145 13.3775 0.43 2.2275 1.915 2.6125 2.22 3.325 0.1875 7.4775 5.7375 0.2475 1.175 13.1 0.425 7.04 16.12 0.58 0.63 18.3625 4.95 6.8025 3.035 0.6075 0.7375 3.365 2.88 18.545 5.33 8.3875 4.845 0.63 20.01 0.055 0.0525 2.32 0.355 0.7825 5.3 7.4775 3.12 3.975 2.8725 2.535 1.93 20.01 9.7675 11.95 0.4525 0.225 20.01 10.52 20.01 1.7 0.8225 14.7125 2.0425 1.7675 10.64 5.5425 9.9025 0.54 6.685 9.7375 11.27 11.185 19.7075 2.745 2.27 1.1625 1.2475 1.73 3.115 1.2775 1.495 4.0125 11.425 10.8125 16.8675 2.2325 1.1275 0.7175 0.2025 20.01 16.22 13.145 0.3175 0.0525 13.39 14.4175 1.2225 0.52 0.165 2.005 7.5425 0.5675 11.5175 0.0525 20.01 0.4325 8.8225 1.425 0.5475 2.615 13.445 0.2425 8.995 6.2725 19.0075 2.4425 18.6075 0.77 0.57 2.3575 7.6075 0.9025 0.5575 7.045 3.145 8.495 4.4775 0.84 1.125 1.125 16.5375 2.91 2.075 3.5175 0.4225 1.5025 1.585 5.14 1.36 0.84 1.0875 4.1725 8.56 20.01 0.2925 0.2975 3.5425 2.57 2.7125 2.8125 3.0175 4.43 1.4825 1.305 1.9225 20.01 7.25 0.4925 4.6975 16.0825 6.845 13.9875 20.01 0.1225 2.715 15.38 6.1225 15.685 19.3675 20.01 20.01 2.2625 2.6175 8.595 1.04 0.5225 3.8125 0.4525 7.1125 1.71 9.8275 2.3225 0.4375 0.27 2.7525 2.96 3.3725 5.6875 0.43 1.205 4.4725 0.9675 12.09 5.6975 0.7775 0.3675 0.52 2.425 6.36 6.1375 0.28 6.8875 0.415 0.51 2.355 4.155 10.095 0.2875 20.01 0.1325 0.685 0.99 3.5525 0.515 0.6525 0.96 0.405 20.01 0.64 3.965 4.5875 1.6075 3.215 2.7125 2.1925 4.7575 0.5525 14.955 20.01 6.6525 5.3975 4.765 0.485 0.4375 0.845 1.765 3.37 11.63 3.74 2.63 0.6875 5.7025 1.42 9.885 12.5275 4.325 14.0825 0.9025 0.495 3.9825 3.25 20.01 4.54 3.1 1.4625 1.65 3.8775 3.08 0.855 1.19 2.8175 4.18 2.005 0.4475 0.435 13.2025 10.665 5.755 10.23 15.74 1.495 10.4675 1.9575 0.7825 0.4075 6.7275 9.18 1.645 6.5775 20.01 20.01 0.3525 0.3875 1.975 1.9475 3.01 13.7 11.0125 6.07 0.2675 0.7425 8.79 2.57 14.66 8.9775 20.01 20.01 6.12 2.015 3.1325 0.83 4 19.035 0.4875 6.385 6.475 2.635 3.8225 7.7625 3.145 3.8025 4.8 11.0975 1.0375 6.5275 15.8 2.6425 0.455 1.165 0.5875 20.01 20.01 14.7325 0.3075 3.9875 11.8475 6.57 7.73 2.53 4.6325 3.8425 2.305 1.6825 4.2525 4.125 3.15 2.99 1.065 13.31 0.88 8.13 0.8725 13.715 3.765 1.88 2.6575 3.0575 3.21 20.01 2.98 3.1525 20.01 13.09 13.9225 0.98 0.51 20.01 4.775 1.06 7.7725 1.1075 1.0825 8.6775 5.4875 20.01 0.6825 1.065 2.1975 0.175 2.255 5.2125 14.3725 4.6825 0.3625 4.5975 4.735 0.3575 4.845 0.77 2.9575 9.0425 5.4675 13.2075 0.4275 1.6825 2.29 1.3575 1.0825 1.245 20.01 20.01 2.68 2.4475 0.3475 7.9375 0.395 0.3325 3.7475 5.4025 6.7175 7.5 0.385 4.2625 0.7625 15.855 18.78 4.345 0.565 0.4775 0.9875 0.99 8.705 0.7325 0.1175 7.4325 2.6025 8.005 1.2625 2.7325 9.805 1.9375 1.6425 4.835 3.1825 6.0725 6.305 0.2075 0.855 4.7975 5.885 1.6925 2.615 1.3025 12.0525 5.35 7.2525 9.2225 2.2675 2.5475 0.9675 2.55 2.13 11.6875 0.93 2.1925 4.995 14.455 20.01 20.01 0.1225 20.01 19.5675 15.18 0.77 3.4075 3.3025 1.1525 3.58 16.6225 3.055 9.925 0.6325 0.4825 0.5825 0.4325 16.025 16.6325 4.9575 0.86 0.86 0.12 1.4575 2.0575 0.1275 1.6575 8.435 10.635 0.8875 12.675 1.775 0.295 0.5925 2.41 5.6675 4.895 11.0825 1.0725 0.6375 11.47 7.955 2.35 20.01 8.4575 18.1275 10.9975 19.52 5.105 20.01 1.5875 2.425 18.035 0.355 6.9825 2.42 0.465 0.295 7.4225 7.42 4.5525 1.4125 4.3125 2.0575 1.4175 16.3175 20.01 13.585 2.3975 0.455 0.3425 0.1925 3.335 2.3 0.2375 0.2575 3.2075 0.5775 0.575 0.1525 0.1975 0.1925 8.375 0.885 2.0625 0.3925 1.185 9.365 0.9725 2.7575 0.97 5.05 3.425 1.4075 5.2025 6.16 0.39 0.8525 12.33 10.1975 3.5025 5.825 3.205 2.3275 1.51 1.3925 1.6 0.6725 0.3075 2.04 0.5925 0.7275 0.6425 0.6575 5.3025 1.82 9.78 1.2425 0.7375 8.705 1.4075 7.6 0.795 2.2125 16.7825 4.59 16.4325 15.37 1.435 10.6675 17.2225 18.2475 5.6925 20.01 20.01 0.905 11.6575 14.915 2.3475 0.165 0.375 7.6325 14.44 4.2675 5.385 4.12 2.36 10.23 7.57 8.4725 4.55 20.01 18.7475 0.4525 1.1775 2.2575 6.5 10.2625 9.22 4.67 5.4175 2.515 20.01 0.7425 2.4925 4.4725 6.065 1.6125 0.9975 0.625 9.305 13.375 16.2625 4.7975 5.0025 9.68 4.185 3.395 2.375 0.61 0.47 0.5575 0.87 5.9675 19.0975 0.575 0.4525 4.4925 0.4425 10.02 18.955 1.31 3.1625 2.8 10.2025 0.515 4.4975 20.01 0.16 1.6125 0.735 0.78 20.01 11.93 10.0925 3.91 2.19 10.8475 3.3125 5.6325 16.985 17.2675 6.1425 14.9525 0.5425 0.605 3.78 8.875 4.77 19.75 2.2675 3.16 1.5375 0.775 0.705 0.1225 11.6925 0.9125 1.9375 0.91 6.6625 1.57 1.515 2.785 0.4725 17.1675 1.0325 14.085 1.545 0.65 5.685 19.4475 20.01 1.02 5.51 11.165 2.6725 5.5625 14.06 1.925 3.7775 1.49 7.515 17.5625 9.2925 5.5925 0.2325 18.9675 15.75 20.01 12.09 1.635 12.1025 1.045 20.01 6.855 20.01 1.02 20.01 11.0275 20.01 1.3925 3.5875 1.36 2.9825 0.2875 0.975 4.195 8.47 5.0925 6.29 6.655 1.47 2.275 16.88 6.1425 3.26 1.965 1.7675 0.66 1.7 1.8025 1.035 0.5625 20.01 17.0925 20.01 0.535 0.5375 19.2925 14.0175 20.01 20.01 7.5175 1.0025 5.7 17.305 0.585 2.9125 13.655 5.075 3.96 1.865 4.3525 0.185 2.7925 20.01 1.55 1.58 10.735 18.135 0.82 6.91 2.455 1.1275 1.5875 0.79 20.01 10.91 0.93 20.01 1.865 2.125 1.455 0.2325 1.125 1.9375 1.005 0.7025 2.3075 15.4175 9.0625 0.7125 0.5275 1.785 5.285 0.48 4.835 6.5875 2.2575 1.04 11.66 1.295 7.0625 8.275 20.01 20.01 15.28 1.705 7.085 9.4125 3.505 13.2125 0.9225 1.2625 0.41 1.0475 0.505 3.6975 5.77 0.87 20.01 14.31 0.7725 20.01 12.9875 5.0625 6.595 5.735 7.64 3.5575 15.29 1.125 4.8925 5.4025 4.3725 2.8125 20.01 20.01 5.72 1.5725 2.21 20.01 5.0375 10.4575 8.11 4.1 1.8575 17.465 3.7525 4.775 5.9 7.1325 6.6775 1.5275 2.855 3.3175 6.5175 7.9325 10.8325 14.4 2.355 4.9575 3.1425 4.585 9.3725 3.69 2.5675 3.46 20.01 20.01 20.01 1.955 0.9975 0.4225 8.215 5.4925 15.205 13.1425 1.095 3.96 0.5675 3.1375 12.36 2.4475 19.0175 7.6025 5.2275 2.5125 11.545 2.305 15.4625 0.4525 1.675 1.0225 6.585 7.73 13.715 0.6225 2.2075 13.8525 1.28 20.01 17.7975 20.01 4.195 8.5625 11.1325 3.9925 13.4275 1.68 5.39 0.3525 17.345 4.0975 0.215 0.1675 9.785 9.87 20.01 0.175 0.6375 0.23 20.01 1.745 0.1325 9.08 8.82 5.6425 20.01 6.3225 20.01 12.54 5.345 20.01 14.225 20.01 3.6175 3.1825 2.71 20.01 4.355 11.37 9.235 8.71 14.1425 2.59 0.5375 4.44 10.7475 0.5625 20.01 4.24 5.245 4.2875 15.7375 1.13 4.1025 20.01 20.01 20.01 0.61 7.355 6.395 8.9075 6.38 6.1425 2.0275 9.24 2.88 5.8625 5.6975 19.315 6.4275 1.375 0.6525 0.8675 1.1725 1.995 17.23 2.805 6.3625 0.48 4.0625 1.315 0.645 20.01 4.17 16.175 20.01 3.76 0.2175 0.8025 0.9 9.9175 5.5425 3.6125 9.9975 0.88 0.7575 20.01 0.75 0.2925 3.065 12.5075 2.955 2.9925 4.0075 8.7475 1.7625 4.025 4.0375 1.2125 1.3875 3.62 4.655 1.26 7.87 20.01 4.1675 6.9375 5.35 9.535 6.7675 3.85 7.06 2.4375 3.55 0.245 1.23 2.665 20.01 7.3525 20.01 4.3025 2.19 0.9325 1.4425 2.3475 1.64 20.01 20.01 0.445 3.155 1.955 0.755 0.54 0.1875 1.3125 0.905 0.3175 2.455 12.695 